1	199	1.88013
1	376	2.42031
1	388	2.60618
1	413	2.94671
1	435	3.31305
1	478	3.20322
2	6	2.14373
2	12	2.26669
2	141	2.60184
2	214	2.26274
2	324	2.95212
2	367	3.31748
3	110	2.26504
3	244	2.51946
3	256	2.7
3	279	2.47064
3	312	2.75946
3	386	3.28927
4	60	1.46969
4	101	1.5258
4	205	2.03517
4	432	3.00131
4	464	3.09241
4	500	3.57715
5	33	1.78884
5	103	2.17726
5	223	2.45379
5	260	2.60469
5	319	2.81474
5	419	2.83722
6	2	2.14373
6	12	1.85303
6	141	2.18818
6	214	2.43785
6	367	2.90382
6	447	3.17557
7	233	1.60114
7	298	1.95213
7	458	3.10269
7	459	3.24027
7	488	3.28058
7	499	2.86337
8	101	1.5258
8	200	2.26274
8	205	2.03517
8	432	3.00131
8	464	3.09241
8	500	3.57715
9	84	1.46969
9	132	1.82689
9	337	2.59059
9	371	2.87687
9	425	3.11474
9	438	2.86067
10	145	1.17056
10	204	2.26274
10	400	2.62333
10	441	2.84401
10	474	3.22435
10	493	3.38844
11	66	2.86387
11	193	2.34884
11	212	2.16829
11	235	2.17888
11	307	2.45882
11	380	2.74967
12	2	2.26669
12	6	1.85303
12	141	2.31114
12	214	2.56081
12	324	2.66142
12	367	3.02679
13	15	1.47093
13	213	1.93648
13	253	2.45205
13	316	1.97007
13	456	3.13753
13	500	3.83676
14	115	2.27279
14	122	2.26749
14	164	2.29141
14	184	2.29885
14	202	2.35599
14	446	3.29141
15	13	1.47093
15	213	1.928
15	253	2.44357
15	316	1.96159
15	456	3.12906
15	500	3.82828
16	203	2.11509
16	268	2.02174
16	286	1.99011
16	292	2.15044
16	473	3.11995
16	483	3.33441
17	75	1.46969
17	80	1.96366
17	87	2.24525
17	326	2.682
17	337	2.88971
17	425	3.41386
18	230	1.89185
18	297	2.22794
18	391	2.41904
18	417	2.76136
18	442	2.7779
18	443	2.63248
19	56	2.261
19	81	1.86536
19	255	3.00449
19	295	2.78304
19	339	3.25103
19	406	1.51459
20	22	1.49809
20	151	1.89015
20	294	2.7
20	381	2.94178
20	437	3.24637
20	495	3.63834
21	44	1.9105
21	77	2.23949
21	108	2.05707
21	271	2.74878
21	299	2.87871
21	339	2.88088
22	20	1.49809
22	151	1.7114
22	294	2.14958
22	381	2.76302
22	437	3.06761
22	495	3.45959
23	41	1.46969
23	69	2.056
23	78	2.38322
23	200	2.65815
23	327	3.04586
23	393	3.0753
24	42	1.26925
24	249	2.1965
24	377	2.73711
24	449	6.4
24	477	3.38403
24	482	3.69639
25	38	2.24593
25	123	2.66591
25	186	2.26274
25	197	2.79308
25	232	2.72482
25	284	2.84281
26	93	1.94378
26	331	2.29723
26	348	2.66882
26	359	4.15692
26	437	3.11968
26	471	3.20379
27	30	2.16544
27	103	2.17311
27	189	2.36204
27	219	2.23091
27	344	2.49716
27	430	3.34626
28	94	1.64759
28	293	2.7
28	350	2.7912
28	367	2.72337
28	436	2.45696
28	465	3.52646
29	149	1.75282
29	246	2.08205
29	324	2.27092
29	333	2.41416
29	420	2.96741
29	434	3.20966
30	27	2.16544
30	56	2.13881
30	103	1.85203
30	189	2.7041
30	219	2.57297
30	430	3.68832
31	82	2.17806
31	191	2.37073
31	282	2.38117
31	340	2.80824
31	355	4.15692
31	476	3.56551
32	126	1.97628
32	223	2.40122
32	330	3.16228
32	375	2.73756
32	396	2.96424
32	433	3.14929
33	5	1.78884
33	231	2.45491
33	260	2.56186
33	288	2.32822
33	319	2.7719
33	419	2.79438
34	90	1.9038
34	203	2.51952
34	248	2.71605
34	277	2.7
34	303	2.86328
34	413	3.22279
35	221	1.63677
35	240	1.69718
35	379	2.3414
35	424	2.68302
35	451	3.05061
35	497	3.24365
36	121	1.21779
36	234	1.87946
36	253	2.03037
36	401	2.8413
36	494	3.3843
36	496	3.36338
37	73	1.46969
37	167	2.07989
37	249	2.16199
37	377	2.70261
37	449	2.6798
37	482	3.66188
38	25	2.24593
38	123	2.41529
38	186	2.44233
38	197	2.54245
38	232	2.47419
38	284	2.59218
39	97	1.69409
39	246	2.12149
39	270	2.21503
39	333	2.4536
39	420	3.00686
39	434	3.24911
40	47	2.53868
40	111	2.38988
40	128	2.65209
40	160	2.68346
40	220	2.26274
40	262	3.02716
41	23	1.46969
41	65	1.93162
41	78	2.41507
41	200	2.69001
41	327	3.07772
41	393	3.10716
42	24	1.26925
42	259	1.79661
42	377	2.51257
42	449	2.48976
42	477	3.15948
42	482	3.47184
43	112	1.1046
43	411	2.2194
43	447	2.5092
43	465	3.04054
43	476	2.66341
43	491	3.09057
44	21	1.9105
44	77	2.13843
44	271	2.64772
44	279	2.40629
44	299	2.77765
44	339	2.77982
45	92	1.88523
45	151	1.85203
45	176	1.97228
45	446	3.12659
45	460	3.17999
45	462	3.04215
46	104	1.83114
46	231	2.17542
46	351	2.06295
46	418	2.52808
46	424	2.84863
46	451	3.21622
47	40	2.53868
47	111	2.1938
47	128	2.45602
47	191	2.44126
47	365	0.734847
47	471	3.66336
48	53	1.46969
48	239	1.6053
48	408	2.6904
48	422	2.63962
48	423	3.16526
48	448	3.12588
49	96	1.54322
49	156	1.71974
49	208	2.26274
49	408	2.99479
49	423	3.46965
49	448	3.43027
50	342	1.97558
50	355	2.07786
50	388	2.31965
50	404	2.42141
50	412	2.73544
50	479	3.16526
51	170	2.26274
51	336	2.03335
51	369	2.15205
51	402	2.39437
51	479	3.27751
51	484	3.35622
52	129	1.85203
52	225	2.2849
52	228	2.23819
52	322	2.55501
52	379	2.9049
52	424	3.24653
53	48	1.46969
53	239	1.6053
53	408	2.6904
53	422	2.63962
53	423	3.16526
53	448	3.12588
54	109	1.84922
54	113	1.85203
54	142	1.84733
54	154	2.24355
54	472	3.48619
54	491	3.80599
55	108	1.89641
55	125	2.25523
55	271	2.58812
55	299	2.71805
55	339	2.72022
55	354	2.47287
56	19	2.261
56	30	2.13881
56	189	2.33542
56	350	0.977852
56	430	3.31964
56	433	3.17108
57	264	2.43086
57	266	2.06129
57	318	2.49524
57	380	2.90907
57	461	3.36383
57	470	2.41534
58	107	1.78322
58	178	2.01014
58	383	2.42264
58	414	2.6483
58	440	2.85249
58	447	2.97044
59	283	1.89744
59	298	1.84416
59	394	2.38688
59	400	2.67448
59	421	2.85431
59	472	3.00446
60	4	1.46969
60	101	1.5258
60	205	2.03517
60	432	3.00131
60	464	3.09241
60	500	3.57715
61	148	1.48767
61	192	1.65433
61	382	2.51198
61	395	2.48381
61	429	2.98328
61	493	3.61066
62	86	2.05341
62	114	2.03697
62	262	2.7863
62	368	3.10097
62	405	3.23928
62	492	1.70956
63	171	2.26274
63	331	2.04884
63	348	2.42044
63	437	2.8713
63	468	2.88438
63	471	2.95541
64	119	1.0345
64	269	1.67245
64	441	2.7844
64	450	2.6196
64	474	3.16474
64	493	3.32883
65	41	1.93162
65	146	1.34403
65	347	2.46136
65	409	2.93236
65	418	2.57027
65	490	3.51208
66	11	2.86387
66	193	3.49597
66	212	3.31542
66	235	2.7
66	307	3.60595
66	325	3.16228
67	162	0.240596
67	231	2.44433
67	260	2.55127
67	319	2.76131
67	347	2.68807
67	419	2.78379
68	130	1.85203
68	153	1.63941
68	372	2.1816
68	439	2.87006
68	486	3.03019
68	490	3.47155
69	23	2.056
69	200	2.18604
69	236	2.21964
69	327	2.57376
69	340	2.49942
69	481	3.17108
70	98	2.38012
70	159	2.37273
70	208	2.50983
70	307	2.73979
70	405	3.25211
70	468	7.00928
71	263	2.06333
71	321	1.94195
71	361	2.54903
71	390	0.999994
71	453	2.97099
71	482	3.73306
72	175	1.67874
72	385	2.34231
72	397	2.77398
72	399	2.84995
72	452	2.1107
72	487	3.58928
73	37	1.46969
73	249	1.99755
73	377	2.53817
73	390	2.69917
73	449	2.51536
73	482	3.49744
74	99	2.09867
74	245	2.32573
74	288	2.7
74	309	2.52963
74	428	3.04775
74	439	3.27642
75	17	1.46969
75	80	1.96366
75	87	2.24525
75	326	2.682
75	337	2.88971
75	425	3.41386
76	133	1.85203
76	163	1.46859
76	431	2.29854
76	441	2.86865
76	474	3.24899
76	491	3.29776
77	21	2.23949
77	44	2.13843
77	271	2.97671
77	279	2.73529
77	299	3.10665
77	339	3.64829
78	23	2.38322
78	41	2.41507
78	124	1.85203
78	200	2.51326
78	327	2.90097
78	415	2.98707
79	257	2.15789
79	278	2.22578
79	291	2.26201
79	308	2.39119
79	335	2.56504
79	457	3.09378
80	17	1.96366
80	75	1.96366
80	87	2.11973
80	326	2.55647
80	337	2.76418
80	425	3.28834
81	19	1.86536
81	157	1.85203
81	357	2.22571
81	470	3.03512
81	473	2.93921
81	489	3.12648
82	31	2.17806
82	93	2.30933
82	100	2.06598
82	191	2.34725
82	282	2.35769
82	476	3.54203
83	241	2.49842
83	276	2.6092
83	296	2.61649
83	328	2.51804
83	382	3.05263
83	435	1.53074
84	9	1.46969
84	117	2.07092
84	137	1.95407
84	312	2.90691
84	371	3.24791
84	389	3.0982
85	162	1.91063
85	239	2.7
85	408	2.61978
85	422	2.569
85	423	3.09464
85	448	3.05526
86	62	2.05341
86	114	1.83736
86	262	2.58669
86	368	0.989164
86	405	3.03967
86	492	3.69637
87	17	2.24525
87	75	2.24525
87	80	2.11973
87	326	3.16228
87	337	3.04578
87	425	3.56993
88	263	1.53623
88	361	2.02193
88	390	2.4077
88	453	2.44389
88	482	3.20597
88	497	3.07222
89	199	1.57374
89	376	2.11391
89	388	2.29979
89	413	2.64032
89	435	3.00666
89	478	2.99697
90	34	1.9038
90	203	2.27414
90	248	2.47067
90	277	2.41685
90	303	2.61789
90	413	2.9774
91	184	3.14201
91	211	2.26274
91	285	2.8402
91	320	2.85427
91	370	4.15692
91	378	3.20937
91	492	4.57448
92	45	1.88523
92	118	2.04644
92	176	2.26344
92	460	3.47115
92	462	3.33331
92	464	3.08065
92	485	3.70031
93	26	1.94378
93	82	2.30933
93	100	2.22073
93	264	2.64512
93	318	2.70951
93	380	3.12333
93	461	3.57809
94	28	1.64759
94	143	1.9305
94	367	3.00179
94	406	3.11241
94	436	5.80948
94	462	3.20812
94	465	3.80488
95	338	2.04816
95	363	2.47808
95	397	2.37593
95	399	2.4519
95	452	2.84514
95	487	3.19123
95	498	3.10746
96	49	1.54322
96	138	2.31787
96	156	1.83209
96	343	2.66112
96	408	3.10715
96	423	3.582
96	448	3.54262
97	39	1.69409
97	216	2.42538
97	246	2.7
97	270	2.63524
97	333	2.87381
97	420	3.42707
97	434	3.66932
98	70	2.38012
98	159	2.47417
98	165	2.21029
98	208	2.61126
98	307	3.16228
98	405	3.35355
98	468	3.6618
99	74	2.09867
99	245	2.42133
99	288	2.55234
99	309	3.16228
99	377	3.08735
99	428	3.14334
99	439	3.37202
100	82	2.06598
100	93	2.22073
100	309	2.51678
100	347	2.81435
100	428	5.80948
100	440	3.18127
100	490	3.86506
101	4	1.5258
101	8	1.5258
101	60	1.5258
101	205	2.60079
101	432	3.56693
101	464	3.65804
101	500	4.14277
102	201	1.92618
102	304	2.23517
102	306	3.16228
102	348	2.78989
102	450	3.1308
102	468	3.25383
102	471	3.32486
103	5	2.17726
103	27	2.17311
103	30	1.85203
103	219	2.58064
103	260	2.95027
103	319	3.16031
103	430	3.69599
104	46	1.83114
104	127	2.37067
104	166	2.55873
104	209	2.7332
104	255	2.86618
104	381	1.65447
104	499	4.30476
105	233	1.71045
105	341	1.94722
105	458	3.21201
105	459	3.34958
105	466	2.48172
105	481	3.02877
105	488	3.38989
106	116	1.85203
106	169	2.27114
106	194	2.27187
106	229	2.49995
106	362	2.93656
106	373	3.00877
106	444	3.66731
107	58	1.78322
107	160	2.43939
107	178	2.47354
107	196	2.26813
107	383	2.88604
107	440	3.31589
107	447	3.43384
108	21	2.05707
108	55	1.89641
108	125	2.46141
108	271	2.79429
108	299	2.92422
108	339	2.92639
108	425	3.42056
109	54	1.84922
109	113	1.86496
109	142	1.86837
109	154	2.2646
109	472	3.50723
109	480	3.32342
109	491	3.82704
110	3	2.26504
110	160	2.61206
110	244	2.84637
110	256	2.61155
110	279	2.79755
110	299	3.16228
110	386	3.61619
111	40	2.38988
111	47	2.1938
111	128	2.30721
111	248	2.66396
111	277	2.61014
111	418	2.95706
111	446	3.35206
112	43	1.1046
112	128	2.19065
112	335	3.64829
112	411	2.92667
112	447	3.21646
112	476	3.37068
112	491	3.79783
113	54	1.85203
113	109	1.86496
113	142	1.86307
113	154	2.25929
113	472	3.50193
113	480	3.31812
113	491	3.82173
114	62	2.03697
114	86	1.83736
114	262	2.57024
114	353	2.46956
114	368	2.88492
114	405	3.02322
114	492	3.67992
115	14	2.27279
115	122	2.61659
115	164	2.64051
115	202	2.70509
115	329	2.84718
115	332	3.64829
115	446	3.64051
116	106	1.85203
116	169	2.27114
116	194	2.27187
116	229	2.49995
116	362	2.93656
116	373	3.00877
116	444	3.66731
117	84	2.07092
117	244	2.5048
117	312	2.7448
117	351	2.42385
117	386	3.27462
117	402	4.68722
117	484	3.68638
118	92	2.04644
118	176	2.1335
118	269	2.7
118	332	2.38731
118	460	3.34121
118	462	3.20336
118	485	3.57037
119	64	1.0345
119	269	2.06375
119	372	4.15692
119	441	3.17569
119	450	3.01089
119	474	3.55603
119	493	3.72013
120	150	1.54516
120	338	2.49129
120	363	2.9212
120	385	4.15692
120	397	2.81906
120	452	3.28827
120	487	3.63436
121	36	1.21779
121	144	1.63865
121	234	2.46121
121	281	2.7
121	401	3.42304
121	494	3.96604
121	496	3.94513
122	14	2.26749
122	115	2.61659
122	164	2.63521
122	202	2.69979
122	329	2.84188
122	446	3.63521
122	472	1.81149
123	25	2.66591
123	38	2.41529
123	172	2.76113
123	186	2.86231
123	197	2.96243
123	232	2.26274
123	284	3.01216
124	78	1.85203
124	177	1.81815
124	391	2.62531
124	415	2.68084
124	421	3.23489
124	445	3.17843
124	455	3.19154
125	55	2.25523
125	108	2.46141
125	271	2.7
125	285	2.4453
125	292	2.89039
125	299	3.28304
125	339	3.28521
126	32	1.97628
126	226	2.26274
126	289	2.40202
126	330	2.63407
126	375	2.98731
126	396	3.21399
126	433	3.39904
127	104	2.37067
127	155	2.225
127	166	2.45415
127	209	2.62862
127	255	2.7616
127	295	2.7
127	499	4.20017
128	40	2.65209
128	47	2.45602
128	111	2.30721
128	112	2.19065
128	160	2.60079
128	256	2.60029
128	471	3.77677
129	52	1.85203
129	225	2.25426
129	228	2.20754
129	322	2.52436
129	379	2.87426
129	424	3.21588
129	451	3.58347
130	68	1.85203
130	153	1.64069
130	372	2.18288
130	439	2.87134
130	486	3.03148
130	487	3.40995
130	490	3.47283
131	193	2.43765
131	212	2.2571
131	223	2.48513
131	303	2.73586
131	319	2.84607
131	380	2.83847
131	398	2.9487
132	9	1.82689
132	247	2.22248
132	326	2.71882
132	337	3.64829
132	371	3.21282
132	425	3.45069
132	438	3.19661
133	76	1.85203
133	163	1.63602
133	431	2.46597
133	441	3.03607
133	443	2.59909
133	474	3.41642
133	491	3.46518
134	207	2.4312
134	210	2.46274
134	218	2.38314
134	287	2.47825
134	325	2.64785
134	416	2.95006
134	417	3.22163
135	173	2.17927
135	174	2.1648
135	181	2.02594
135	362	2.83461
135	373	2.90681
135	394	2.84669
135	444	3.56536
136	242	1.61993
136	305	1.84474
136	384	2.48976
136	393	2.32969
136	401	3.04172
136	494	3.58472
136	496	3.5638
137	84	1.95407
137	274	2.40326
137	294	2.32747
137	381	2.94091
137	389	2.81924
137	415	2.70546
137	452	3.30496
138	96	2.31787
138	168	2.60712
138	178	2.84031
138	180	2.76563
138	250	2.76808
138	274	2.7
138	389	3.47177
139	159	1.85203
139	265	2.13824
139	346	2.37753
139	383	2.74105
139	392	2.833
139	440	3.17091
139	478	3.48317
140	198	1.58868
140	236	2.0848
140	352	3.64829
140	465	3.49899
140	467	3.06192
140	481	3.03624
140	488	3.39736
141	2	2.60184
141	6	2.18818
141	12	2.31114
141	214	2.89595
141	324	2.99656
141	367	4.15692
141	447	3.63367
142	54	1.84733
142	109	1.86837
142	113	1.86307
142	154	2.2627
142	472	3.50534
142	480	3.32153
142	491	3.82514
143	94	1.9305
143	189	2.41785
143	214	2.54031
143	350	3.07411
143	367	3.00628
143	402	2.73762
143	436	2.73987
144	121	1.63865
144	234	2.30032
144	281	1.86691
144	336	3.64829
144	401	3.26216
144	494	3.80516
144	496	3.78425
145	10	1.17056
145	204	1.7679
145	269	2.1402
145	431	2.68204
145	441	3.25214
145	474	3.63248
145	493	3.79658
146	65	1.34403
146	347	2.53398
146	409	3.00498
146	418	2.64288
146	419	2.6297
146	428	2.75453
146	490	3.58469
147	209	2.11325
147	255	2.24622
147	295	2.02477
147	312	2.40807
147	386	2.93788
147	421	3.03962
147	499	3.6848
148	61	1.48767
148	192	1.93513
148	276	2.34935
148	382	2.79278
148	395	2.76461
148	429	3.26409
148	493	3.89146
149	29	1.75282
149	246	2.63987
149	270	2.73341
149	324	2.82874
149	333	2.97198
149	420	1.48714
149	434	3.76748
150	120	1.54516
150	338	2.39471
150	363	2.82463
150	385	2.29081
150	397	2.72248
150	452	3.19169
150	487	3.53778
151	20	1.89015
151	22	1.7114
151	45	1.85203
151	294	2.54164
151	381	3.15509
151	437	3.45967
151	495	3.85165
152	226	2.29417
152	258	2.45398
152	289	2.7
152	330	2.5574
152	375	2.91064
152	396	3.13732
152	433	3.32237
153	68	1.63941
153	130	1.64069
153	372	2.63066
153	439	3.31912
153	483	3.71697
153	486	3.47925
153	490	3.9206
154	54	2.24355
154	109	2.2646
154	113	2.25929
154	142	2.2627
154	472	3.90156
154	480	3.71775
154	491	1.24859
155	127	2.225
155	166	2.41306
155	207	2.26274
155	209	2.58753
155	255	2.72051
155	295	2.49906
155	499	4.15908
156	49	1.71974
156	96	1.83209
156	343	2.83764
156	408	3.28366
156	422	3.23288
156	423	3.75852
156	444	2.99464
157	81	1.85203
157	318	1.8942
157	431	2.30942
157	470	2.96242
157	473	2.86652
157	489	3.05379
157	494	3.483
158	161	2.26581
158	216	2.48779
158	291	2.66944
158	308	2.79862
158	335	2.97247
158	410	5.23832
158	457	3.5012
159	70	2.37273
159	98	2.47417
159	139	1.85203
159	165	2.2029
159	208	2.60387
159	405	3.34616
159	468	3.65442
160	40	2.68346
160	107	2.43939
160	110	2.61206
160	128	2.60079
160	256	2.63165
160	313	2.73185
160	317	2.84601
161	158	2.26581
161	216	2.51447
161	278	2.65988
161	291	2.69611
161	308	3.16228
161	335	2.99915
161	457	3.52788
162	67	0.240596
162	85	1.91063
162	239	2.76445
162	408	3.84956
162	422	3.79878
162	423	4.32442
162	448	2.87434
163	76	1.46859
163	133	1.63602
163	204	2.04129
163	431	2.95543
163	441	3.52553
163	443	3.08855
163	474	3.90587
163	491	3.95464
164	14	2.29141
164	115	2.64051
164	122	2.63521
164	184	2.66657
164	202	2.72371
164	329	2.8658
164	343	3.1629
164	446	3.65913
165	98	2.21029
165	159	2.2029
165	208	2.33999
165	230	2.25469
165	405	3.08228
165	408	3.24887
165	423	3.72372
165	472	3.54161
166	104	2.55873
166	127	2.45415
166	155	2.41306
166	209	2.81668
166	255	2.94966
166	295	2.72821
166	422	5.80948
166	499	4.38823
167	37	2.07989
167	191	2.63746
167	257	2.81325
167	278	2.7
167	308	3.04655
167	335	3.2204
167	350	3.47412
167	365	3.12569
168	138	2.60712
168	180	2.39258
168	250	2.39503
168	274	2.68274
168	297	2.7383
168	381	3.22039
168	389	3.09872
168	461	3.46309
169	106	2.27114
169	116	2.27114
169	194	2.55476
169	229	2.78283
169	250	2.7
169	362	3.21944
169	373	3.29165
169	444	3.9502
170	51	2.26274
170	336	2.22347
170	369	2.34217
170	402	2.58449
170	412	3.03782
170	469	3.12218
170	479	3.46764
170	484	3.54634
171	63	2.26274
171	304	2.3634
171	306	2.26765
171	331	2.54653
171	348	2.91812
171	437	3.36898
171	468	3.38206
171	471	3.45309
172	123	2.76113
172	186	2.78818
172	197	2.88829
172	232	2.82004
172	277	2.93114
172	284	2.93803
172	343	3.17683
172	413	5.23832
173	135	2.17927
173	174	2.55972
173	181	2.42086
173	241	2.7
173	283	2.75217
173	362	3.22952
173	394	3.24161
173	444	3.96028
174	135	2.1648
174	173	2.55972
174	181	2.4064
174	283	2.73771
174	373	3.28727
174	394	3.22714
174	444	3.94582
174	480	3.59975
175	72	1.67874
175	338	2.57337
175	363	2.89907
175	385	2.46947
175	397	2.90114
175	452	3.37035
175	487	3.71644
175	498	3.63267
176	45	1.97228
176	92	2.26344
176	118	2.1335
176	220	1.9825
176	446	3.50481
176	460	3.55821
176	462	3.42036
176	485	3.78736
177	124	1.81815
177	221	2.21407
177	391	2.81757
177	399	3.07937
177	411	3.02594
177	415	2.87311
177	421	3.42716
177	445	3.3707
178	58	2.01014
178	107	2.47354
178	138	2.84031
178	196	2.49504
178	383	4.15692
178	414	3.33861
178	440	3.54281
178	447	3.66076
179	215	1.5225
179	349	2.0758
179	357	2.42864
179	429	3.0722
179	470	3.23804
179	476	3.15709
179	489	3.32941
179	494	3.75862
180	138	2.76563
180	168	2.39258
180	183	2.26274
180	250	2.55355
180	274	2.84126
180	297	2.89681
180	389	3.25724
180	461	3.6216
181	135	2.02594
181	173	2.42086
181	174	2.4064
181	283	2.59885
181	362	3.0762
181	373	3.14841
181	394	3.08828
181	444	3.80696
182	211	2.22303
182	254	2.36122
182	311	2.54658
182	317	2.62512
182	345	2.79191
182	360	2.7325
182	442	3.26642
182	496	4.14056
183	180	2.26274
183	217	2.18193
183	296	2.58286
183	313	2.52623
183	328	2.48441
183	435	3.62499
183	463	3.26137
183	483	3.77471
184	14	2.29885
184	91	3.14201
184	164	2.66657
184	202	2.26274
184	284	2.93153
184	320	2.38626
184	343	3.17033
184	446	3.66656
185	347	2.35887
185	409	2.82987
185	419	5.23832
185	428	2.57943
185	439	2.8081
185	486	2.96823
185	487	3.3467
185	490	3.40958
186	25	2.26274
186	38	2.44233
186	123	2.86231
186	172	2.78818
186	197	2.98948
186	232	2.92122
186	284	3.03921
186	343	3.27801
187	261	1.96536
187	334	2.1257
187	352	2.23364
187	459	3.55516
187	465	3.69709
187	467	2.81187
187	481	3.23435
187	488	3.59547
188	224	2.4021
188	315	2.45668
188	353	2.63307
188	356	2.58918
188	359	2.66203
188	370	2.68372
188	486	3.509
188	492	3.84344
189	27	2.36204
189	30	2.7041
189	56	2.33542
189	143	2.41785
189	219	2.76957
189	234	3.01179
189	350	3.55697
189	367	3.48914
190	252	2.7
190	300	2.41159
190	323	2.40855
190	364	2.63647
190	403	2.76347
190	406	3.1894
190	463	3.1909
190	495	3.83991
191	31	2.37073
191	47	2.44126
191	82	2.34725
191	167	2.63746
191	257	2.71571
191	350	3.37658
191	365	3.02815
191	471	3.76201
192	61	1.65433
192	148	1.93513
192	276	2.51601
192	382	2.95944
192	395	2.93127
192	426	3.05172
192	429	3.43075
192	493	4.05812
193	11	2.34884
193	66	3.49597
193	131	2.43765
193	212	2.80039
193	235	2.81098
193	307	3.09092
193	380	3.38176
193	412	1.64248
194	106	2.27187
194	116	2.27187
194	169	2.55476
194	229	2.78357
194	362	4.15692
194	373	3.29239
194	394	3.23226
194	444	3.95094
195	210	2.58873
195	218	2.50914
195	287	2.60425
195	325	2.77384
195	327	2.97474
195	416	5.23832
195	417	3.34763
195	460	3.5759
196	107	2.26813
196	178	2.49504
196	240	2.7
196	322	2.70841
196	383	2.90754
196	414	3.1332
196	440	3.3374
196	447	3.45535
197	25	2.79308
197	38	2.54245
197	123	2.96243
197	172	2.88829
197	186	2.98948
197	232	3.02134
197	284	3.13933
197	343	3.64829
198	140	1.58868
198	236	2.35925
198	344	3.64829
198	352	2.30999
198	459	3.63151
198	465	3.77344
198	467	3.33638
198	481	3.3107
199	1	1.88013
199	89	1.57374
199	376	2.7034
199	388	4.68722
199	413	3.2298
199	435	3.59614
199	478	3.58645
199	479	3.73488
200	8	2.26274
200	23	2.65815
200	41	2.69001
200	69	2.18604
200	78	2.51326
200	327	3.1759
200	393	3.20534
200	441	3.85689
201	102	1.92618
201	304	2.49573
201	306	2.39998
201	348	3.05045
201	437	3.50132
201	450	3.39136
201	468	3.5144
201	471	7.00928
202	14	2.35599
202	115	2.70509
202	122	2.69979
202	164	2.72371
202	184	2.26274
202	329	2.93038
202	343	3.22748
202	446	3.7237
203	16	2.11509
203	34	2.51952
203	90	2.27414
203	248	3.08639
203	268	2.79652
203	277	3.03257
203	303	3.23362
203	413	3.59313
204	10	2.26274
204	145	1.7679
204	163	2.04129
204	269	2.3294
204	431	2.87124
204	441	3.44135
204	474	3.82169
204	493	3.98578
205	4	2.03517
205	8	2.03517
205	60	2.03517
205	101	2.60079
205	301	2.97821
205	432	0.531469
205	464	4.1674
205	500	4.65213
206	243	2.22185
206	272	2.39718
206	275	2.24191
206	427	5.80948
206	438	3.16838
206	453	3.2406
206	454	3.32352
206	497	3.86892
207	134	2.4312
207	155	2.26274
207	210	2.76006
207	218	2.68046
207	287	2.77557
207	325	2.94517
207	416	3.24738
207	417	3.51895
208	49	2.26274
208	70	2.50983
208	98	2.61126
208	159	2.60387
208	165	2.33999
208	307	2.97093
208	405	3.48325
208	468	3.79151
209	104	2.7332
209	127	2.62862
209	147	2.11325
209	155	2.58753
209	166	2.81668
209	255	2.7
209	295	2.90268
209	499	4.5627
210	134	2.46274
210	195	2.58873
210	207	2.76006
210	218	2.712
210	287	2.7
210	325	2.97671
210	416	3.27892
210	417	3.55049
211	91	2.26274
211	182	2.22303
211	254	2.39385
211	317	2.65776
211	345	2.82454
211	360	2.76513
211	442	3.29906
211	496	4.17319
212	11	2.16829
212	66	3.31542
212	131	2.2571
212	193	2.80039
212	235	2.63043
212	307	2.91037
212	398	3.31145
212	404	3.21934
213	13	1.93648
213	15	1.928
213	231	2.26274
213	253	2.90913
213	316	2.42714
213	363	3.29712
213	456	3.59461
213	500	4.29384
214	2	2.26274
214	6	2.43785
214	12	2.56081
214	141	2.89595
214	143	2.54031
214	294	3.06272
214	324	3.24624
214	367	3.6116
215	179	1.5225
215	349	2.21361
215	357	2.56644
215	429	1.95765
215	470	3.37585
215	476	3.2949
215	489	3.46721
215	494	3.89643
216	97	2.42538
216	158	2.48779
216	161	2.51447
216	278	2.88187
216	291	2.7
216	308	3.04728
216	335	3.22113
216	457	3.74986
217	183	2.18193
217	296	2.54388
217	313	2.48724
217	328	2.44543
217	435	3.58601
217	448	3.52566
217	450	3.36947
217	483	3.73572
218	134	2.38314
218	195	2.50914
218	207	2.68046
218	210	2.712
218	287	2.72751
218	325	2.89711
218	416	3.19932
218	417	3.47089
219	27	2.23091
219	30	2.57297
219	103	2.58064
219	189	2.76957
219	344	2.90469
219	378	2.72358
219	427	3.10165
219	430	3.75379
220	40	2.26274
220	176	1.9825
220	332	2.23631
220	432	3.32847
220	446	3.13681
220	460	3.19021
220	462	3.05237
220	485	3.41937
221	35	1.63677
221	177	2.21407
221	240	2.47813
221	379	3.12235
221	424	3.46397
221	445	3.57435
221	451	3.83156
221	497	4.25351
222	238	2.44689
222	251	2.38524
222	293	2.42171
222	354	2.75606
222	374	4.15692
222	398	3.12983
222	426	3.12913
222	499	4.19544
223	5	2.45379
223	32	2.40122
223	131	2.48513
223	258	2.95558
223	260	3.2268
223	303	3.16228
223	319	3.43685
223	375	3.41224
224	188	2.4021
224	315	2.71083
224	353	2.88722
224	356	2.84332
224	359	2.91618
224	370	2.93787
224	376	4.15692
224	486	3.76314
225	52	2.2849
225	129	2.25426
225	228	2.54026
225	240	2.56276
225	322	3.16228
225	379	3.20698
225	424	3.5486
225	451	3.91619
226	126	2.26274
226	152	2.29417
226	258	2.67545
226	289	2.54682
226	330	2.77887
226	375	3.13211
226	396	3.35879
226	433	3.54384
227	262	2.44984
227	374	2.30822
227	396	2.89102
227	398	2.79158
227	421	3.212
227	426	2.79088
227	445	2.06572
227	499	3.85718
228	52	2.23819
228	129	2.20754
228	225	2.54026
228	322	2.81037
228	364	4.15692
228	379	3.16026
228	424	3.50189
228	451	3.86948
229	106	2.49995
229	116	2.49995
229	169	2.78283
229	194	2.78357
229	250	2.78382
229	362	3.44825
229	373	3.52046
229	444	3.40536
230	18	1.89185
230	165	2.25469
230	297	2.90645
230	391	3.09755
230	417	3.43987
230	423	0.531469
230	442	3.45641
230	443	3.31099
231	33	2.45491
231	46	2.17542
231	67	2.44433
231	213	2.26274
231	260	3.27076
231	288	3.03712
231	319	3.48081
231	419	3.50328
232	25	2.72482
232	38	2.47419
232	123	2.26274
232	172	2.82004
232	186	2.92122
232	197	3.02134
232	284	3.07107
232	343	3.30987
233	7	1.60114
233	105	1.71045
233	341	2.35839
233	458	3.62318
233	459	3.76075
233	467	3.46562
233	482	3.92232
233	488	3.80106
234	36	1.87946
234	121	2.46121
234	144	2.30032
234	189	3.01179
234	253	3.27379
234	281	2.68946
234	401	4.08472
234	494	4.62772
234	496	3.99799
235	11	2.17888
235	66	2.7
235	193	2.81098
235	212	2.63043
235	307	2.92096
235	350	3.42713
235	380	3.2118
235	398	3.32204
235	461	3.66656
236	69	2.21964
236	140	2.0848
236	198	2.35925
236	352	2.8061
236	410	3.00614
236	465	3.16965
236	467	3.8325
236	481	3.80682
236	488	4.16794
237	301	2.62397
237	314	2.31258
237	320	2.2501
237	358	2.85819
237	414	3.18923
237	416	3.08396
237	455	3.57944
237	464	3.92863
237	500	4.2979
238	222	2.44689
238	251	2.57551
238	293	2.61199
238	354	2.94633
238	374	2.83676
238	395	3.19896
238	398	4.68722
238	426	3.31941
238	499	4.38571
239	48	1.6053
239	53	1.6053
239	85	2.7
239	162	2.76445
239	408	3.47361
239	422	3.42283
239	423	3.94846
239	448	3.90909
239	455	3.57285
240	35	1.69718
240	196	2.7
240	221	2.47813
240	225	2.56276
240	322	2.83286
240	379	3.18276
240	424	3.52438
240	451	3.89197
240	497	4.085
241	83	2.49842
241	173	2.7
241	267	2.40577
241	276	2.81945
241	340	3.06181
241	355	2.92021
241	382	3.26288
241	404	3.26376
241	484	4.08631
242	136	1.61993
242	273	2.7
242	281	2.22951
242	305	2.42779
242	384	3.0728
242	393	2.91273
242	401	3.62477
242	494	4.16776
242	496	4.14685
243	206	2.22185
243	272	2.51265
243	275	2.35738
243	361	2.93411
243	427	2.95109
243	438	3.28385
243	453	3.35607
243	454	3.43899
243	497	3.9844
244	3	2.51946
244	110	2.84637
244	117	2.5048
244	256	2.86597
244	279	2.7
244	312	3.34079
244	351	3.01984
244	386	3.87061
244	402	3.32052
245	74	2.32573
245	99	2.42133
245	275	2.7
245	288	2.77941
245	309	2.85229
245	377	3.31441
245	409	3.62086
245	428	3.37041
245	439	3.59908
246	29	2.08205
246	39	2.12149
246	97	2.7
246	149	2.63987
246	270	3.06263
246	324	3.15797
246	333	3.30121
246	420	3.85446
246	434	4.09671
247	132	2.22248
247	262	2.80084
247	326	2.77846
247	337	2.98617
247	371	3.27245
247	425	3.51033
247	433	3.42708
247	438	3.25625
247	482	4.35958
248	34	2.71605
248	90	2.47067
248	111	2.66396
248	203	3.08639
248	259	2.91571
248	277	3.2291
248	303	3.43014
248	369	4.15692
248	413	3.78965
249	24	2.1965
249	37	2.16199
249	73	1.99755
249	331	3.03509
249	377	3.43981
249	390	3.60082
249	449	3.417
249	458	2.96765
249	482	4.39909
250	138	2.76808
250	168	2.39503
250	169	2.7
250	180	2.55355
250	229	2.78382
250	362	3.22043
250	373	3.29264
250	389	3.25968
250	444	3.95119
251	222	2.38524
251	238	2.57551
251	293	2.55034
251	354	3.64829
251	374	2.7751
251	395	3.13731
251	398	3.25846
251	426	3.25776
251	499	4.32406
252	190	2.7
252	300	2.49812
252	323	2.49508
252	364	2.723
252	387	2.73916
252	403	2.85
252	463	3.27743
252	495	3.92643
252	498	3.85623
253	13	2.45205
253	15	2.44357
253	36	2.03037
253	213	2.90913
253	234	3.27379
253	316	2.94271
253	455	4.09095
253	456	4.11018
253	500	4.241
254	182	2.36122
254	211	2.39385
254	311	2.71741
254	317	2.79595
254	345	2.96274
254	360	2.90332
254	434	3.87819
254	442	6.4
254	496	4.31139
255	19	3.00449
255	104	2.86618
255	127	2.7616
255	147	2.24622
255	155	2.72051
255	166	2.94966
255	209	2.7
255	295	3.03566
255	499	4.69568
256	3	2.7
256	110	2.61155
256	128	2.60029
256	160	2.63165
256	244	2.86597
256	312	3.10597
256	351	2.78502
256	386	3.63578
256	484	4.04755
257	79	2.15789
257	167	2.81325
257	191	2.71571
257	278	2.95939
257	291	2.99562
257	308	3.1248
257	335	3.29866
257	354	3.0735
257	457	3.82739
258	152	2.45398
258	223	2.95558
258	226	2.67545
258	282	2.7
258	289	2.70663
258	330	2.93868
258	375	3.29192
258	396	3.5186
258	433	3.70365
259	42	1.79661
259	248	2.91571
259	314	2.38599
259	327	3.05606
259	358	2.9316
259	422	3.50283
259	425	3.64353
259	448	3.98909
259	455	1.93084
260	5	2.60469
260	33	2.56186
260	67	2.55127
260	103	2.95027
260	223	3.2268
260	231	3.27076
260	319	3.16228
260	347	3.51451
260	419	3.61023
261	187	1.96536
261	334	2.38063
261	352	2.48857
261	410	2.6886
261	459	3.81009
261	465	3.95202
261	467	3.51496
261	481	3.48928
261	488	3.08951
262	40	3.02716
262	62	2.7863
262	86	2.58669
262	114	2.57024
262	227	2.44984
262	247	2.80084
262	368	3.63425
262	405	4.68722
262	492	4.42925
263	71	2.06333
263	88	1.53623
263	321	2.43813
263	361	3.0452
263	390	3.43097
263	453	3.46717
263	454	1.64526
263	482	4.22924
263	497	4.09549
264	57	2.43086
264	93	2.64512
264	266	2.4566
264	298	2.82489
264	318	2.89056
264	380	3.30438
264	381	2.50245
264	461	3.75914
264	470	3.95877
265	139	2.13824
265	346	2.55911
265	383	2.92263
265	392	3.01458
265	407	2.98078
265	440	3.35249
265	466	3.63821
265	475	3.68392
265	478	4.43353
266	57	2.06129
266	264	2.4566
266	318	2.52099
266	357	2.77981
266	380	2.93481
266	461	3.38957
266	470	3.58921
266	473	3.49331
266	489	3.68058
267	241	2.40577
267	302	2.32735
267	340	2.75891
267	407	2.8723
267	456	3.44927
267	466	3.52974
267	469	3.35925
267	475	3.57544
267	480	4.03701
268	16	2.02174
268	203	2.79652
268	277	2.93923
268	286	2.67154
268	292	2.83187
268	303	3.14027
268	349	2.73504
268	473	3.80138
268	483	4.01584
269	64	1.67245
269	118	2.7
269	119	2.06375
269	145	2.1402
269	204	2.3294
269	441	3.81364
269	450	3.64884
269	474	4.19398
269	493	4.35808
270	39	2.21503
270	97	2.63524
270	149	2.73341
270	246	3.06263
270	333	3.39475
270	360	3.21539
270	366	3.08467
270	420	3.948
270	434	2.6736
271	21	2.74878
271	44	2.64772
271	55	2.58812
271	77	2.97671
271	108	2.79429
271	125	2.7
271	279	3.24457
271	299	3.61593
271	339	3.6181
272	206	2.39718
272	243	2.51265
272	275	2.53271
272	361	3.10945
272	427	3.12642
272	438	3.45919
272	453	3.53141
272	454	3.61433
272	497	4.69077
273	242	2.7
273	305	2.34172
273	329	2.55165
273	378	2.41978
273	384	2.98673
273	400	3.25754
273	430	3.44999
273	458	3.57779
273	477	3.65255
274	137	2.40326
274	138	2.7
274	168	2.68274
274	180	2.84126
274	294	3.05562
274	297	3.18697
274	309	3.0938
274	389	3.54739
274	404	3.47513
275	206	2.24191
275	243	2.35738
275	245	2.7
275	272	2.53271
275	427	2.97115
275	438	3.30391
275	453	3.37613
275	454	3.45905
275	497	4.00446
276	83	2.6092
276	148	2.34935
276	192	2.51601
276	241	2.81945
276	340	3.17259
276	382	3.37366
276	396	3.56609
276	429	3.84497
276	489	2.85823
277	34	2.7
277	90	2.41685
277	111	2.61014
277	172	2.93114
277	203	3.03257
277	248	3.2291
277	268	2.93923
277	303	3.37633
277	413	3.73584
278	79	2.22578
278	161	2.65988
278	167	2.7
278	216	2.88187
278	257	2.95939
278	291	3.06351
278	308	3.19269
278	335	3.36654
278	457	3.89527
279	3	2.47064
279	44	2.40629
279	77	2.73529
279	110	2.79755
279	244	2.7
279	271	3.24457
279	299	3.37451
279	339	3.37667
279	386	3.82178
280	290	2.24543
280	302	2.49075
280	310	2.52145
280	392	3.06951
280	407	3.03571
280	466	3.69314
280	469	3.52265
280	475	3.73885
280	479	3.37046
281	121	2.7
281	144	1.86691
281	234	2.68946
281	242	2.22951
281	305	2.45432
281	393	2.93927
281	401	3.6513
281	494	4.1943
281	496	4.17339
282	31	2.38117
282	82	2.35769
282	258	2.7
282	340	2.98787
282	355	2.84627
282	382	3.18895
282	404	3.18982
282	433	3.56642
282	476	3.74514
283	59	1.89744
283	173	2.75217
283	174	2.73771
283	181	2.59885
283	298	2.87689
283	394	3.4196
283	444	4.13827
283	456	2.96886
283	480	3.85337
284	25	2.84281
284	38	2.59218
284	123	3.01216
284	172	2.93803
284	184	2.93153
284	186	3.03921
284	197	3.13933
284	232	3.07107
284	343	3.42787
285	91	2.8402
285	125	2.4453
285	292	2.51546
285	344	2.62065
285	372	2.62161
285	378	4.15692
285	483	3.69943
285	485	3.6473
285	490	3.91156
286	16	1.99011
286	268	2.67154
286	292	2.80024
286	303	3.10864
286	349	2.70341
286	357	3.05624
286	473	1.9499
286	483	3.98421
286	489	3.95702
287	134	2.47825
287	195	2.60425
287	207	2.77557
287	210	2.7
287	218	2.72751
287	325	2.99222
287	416	3.29443
287	417	3.566
287	460	3.79427
288	33	2.32822
288	74	2.7
288	99	2.55234
288	231	3.03712
288	245	2.77941
288	309	2.98331
288	319	3.35411
288	428	3.50143
288	439	3.7301
289	126	2.40202
289	152	2.7
289	226	2.54682
289	258	2.70663
289	330	2.81006
289	375	3.16329
289	396	3.38997
289	433	3.57502
289	445	3.65449
290	280	2.24543
290	310	2.33721
290	356	4.15692
290	392	2.88527
290	407	2.85146
290	461	3.37665
290	466	3.5089
290	471	3.52265
290	475	3.5546
291	79	2.26201
291	158	2.66944
291	161	2.69611
291	216	2.7
291	257	2.99562
291	278	3.06351
291	308	3.22892
291	335	3.40277
291	457	3.93151
292	16	2.15044
292	125	2.89039
292	268	2.83187
292	285	2.51546
292	286	2.80024
292	372	3.0667
292	473	3.93007
292	483	4.56494
292	485	4.0924
293	28	2.7
293	222	2.42171
293	238	2.61199
293	251	2.55034
293	354	2.92116
293	374	2.81158
293	398	3.29493
293	426	3.29423
293	499	4.36054
294	20	2.7
294	22	2.14958
294	137	2.32747
294	151	2.54164
294	214	3.06272
294	274	3.05562
294	381	3.59327
294	406	3.63932
294	437	3.89786
295	19	2.78304
295	127	2.7
295	147	2.02477
295	155	2.49906
295	166	2.72821
295	209	2.90268
295	255	3.03566
295	421	3.82905
295	499	4.47423
296	83	2.61649
296	183	2.58286
296	217	2.54388
296	313	2.88817
296	328	2.84636
296	344	3.05787
296	435	3.98694
296	450	3.7704
296	463	7.00928
296	483	4.13666
297	18	2.22794
297	168	2.7383
297	180	2.89681
297	230	2.90645
297	274	3.18697
297	389	3.60295
297	391	3.43363
297	417	5.23832
297	442	3.79249
297	443	3.64707
298	7	1.95213
298	59	1.84416
298	264	2.82489
298	283	2.87689
298	394	3.36632
298	458	3.97417
298	461	3.75786
298	472	3.9839
298	475	2.83386
298	480	3.80009
299	21	2.87871
299	44	2.77765
299	55	2.71805
299	77	3.10665
299	108	2.92422
299	110	3.16228
299	125	3.28304
299	271	3.61593
299	279	3.37451
299	339	3.74803
300	190	2.41159
300	252	2.49812
300	323	2.74018
300	331	3.16228
300	364	2.96809
300	387	2.98426
300	403	3.09509
300	463	3.52252
300	495	4.17153
300	498	4.10133
301	205	2.97821
301	237	2.62397
301	314	2.53486
301	320	2.47239
301	358	3.08047
301	414	3.41152
301	416	3.30625
301	455	3.80173
301	464	4.03545
301	500	4.70327
302	267	2.32735
302	280	2.49075
302	310	2.58252
302	392	3.13059
302	407	3.09678
302	456	3.43114
302	466	3.75422
302	469	3.58372
302	475	3.79992
302	480	3.6642
303	34	2.86328
303	90	2.61789
303	131	2.73586
303	203	3.23362
303	223	3.16228
303	248	3.43014
303	268	3.14027
303	277	3.37633
303	286	3.10864
303	413	3.93688
304	102	2.23517
304	171	2.3634
304	201	2.49573
304	306	2.70897
304	348	3.35944
304	350	2.67044
304	437	3.8103
304	450	3.70035
304	468	3.82338
304	471	3.89441
305	136	1.84474
305	242	2.42779
305	273	2.34172
305	281	2.45432
305	384	2.81012
305	393	3.13755
305	400	3.56842
305	401	3.84958
305	494	4.39258
305	496	4.37166
306	102	3.16228
306	171	2.26765
306	201	2.39998
306	304	2.70897
306	331	2.8921
306	348	3.26369
306	437	3.71455
306	450	3.6046
306	468	3.72763
306	471	3.79866
307	11	2.45882
307	66	3.60595
307	70	2.73979
307	98	3.16228
307	193	3.09092
307	208	2.97093
307	212	2.91037
307	235	2.92096
307	405	3.71322
307	468	4.02147
308	79	2.39119
308	158	2.79862
308	161	3.16228
308	167	3.04655
308	216	3.04728
308	257	3.1248
308	278	3.19269
308	291	3.22892
308	335	3.53195
308	457	4.06069
309	74	2.52963
309	99	3.16228
309	100	2.51678
309	245	2.85229
309	274	3.0938
309	288	2.98331
309	377	3.51831
309	414	3.51648
309	428	3.57431
309	439	3.80298
310	280	2.52145
310	290	2.33721
310	302	2.58252
310	346	2.70581
310	392	3.16129
310	407	5.23832
310	456	3.70444
310	466	3.78492
310	475	3.83062
310	478	3.81145
311	182	2.54658
311	254	2.71741
311	317	2.98131
311	332	2.88044
311	345	3.1481
311	360	3.08869
311	366	2.95797
311	434	3.13588
311	442	3.62261
311	496	4.49675
312	3	2.75946
312	84	2.90691
312	117	2.7448
312	147	2.40807
312	244	3.34079
312	256	3.10597
312	351	3.25984
312	386	4.11061
312	389	3.77208
312	484	3.37848
313	160	2.73185
313	183	2.52623
313	217	2.48724
313	296	2.88817
313	328	3.16228
313	344	3.00124
313	376	3.03755
313	435	3.9303
313	450	3.71376
313	483	4.08002
314	237	2.31258
314	259	2.38599
314	301	2.53486
314	358	2.07846
314	405	3.2245
314	414	3.10012
314	422	3.34031
314	448	3.82657
314	455	3.49033
314	500	4.20879
315	188	2.45668
315	224	2.71083
315	353	2.94181
315	356	2.89791
315	359	2.97076
315	368	3.35717
315	370	2.99245
315	477	4.01983
315	486	8.28191
315	492	4.15217
316	13	1.97007
316	15	1.96159
316	213	2.42714
316	253	2.94271
316	432	3.75159
316	455	3.60896
316	456	3.6282
316	464	3.84269
316	487	2.81736
316	500	4.32742
317	160	2.84601
317	182	2.62512
317	211	2.65776
317	254	2.79595
317	311	2.98131
317	345	3.22664
317	360	4.15692
317	366	3.03651
317	442	3.70115
317	496	4.57529
318	57	2.49524
318	93	2.70951
318	157	1.8942
318	264	2.89056
318	266	2.52099
318	380	4.15692
318	461	3.82352
318	470	4.02316
318	473	3.92726
318	489	4.11453
319	5	2.81474
319	33	2.7719
319	67	2.76131
319	103	3.16031
319	131	2.84607
319	223	3.43685
319	231	3.48081
319	260	3.16228
319	288	3.35411
319	419	3.82027
320	91	2.85427
320	184	2.38626
320	237	2.2501
320	301	2.47239
320	358	2.07846
320	455	3.42786
320	460	3.43222
320	464	3.66159
320	492	3.81873
320	500	4.14632
321	71	1.94195
321	263	2.43813
321	323	3.16228
321	361	2.92383
321	390	3.3096
321	427	2.94081
321	453	3.34579
321	454	3.42871
321	482	4.10787
321	497	3.97412
322	52	2.55501
322	129	2.52436
322	196	2.70841
322	225	3.16228
322	228	2.81037
322	240	2.83286
322	379	3.47708
322	418	3.49816
322	424	3.81871
322	451	4.1863
323	190	2.40855
323	252	2.49508
323	300	2.74018
323	321	3.16228
323	364	2.96505
323	387	2.98122
323	403	3.09205
323	463	3.51949
323	495	4.16849
323	498	4.09829
324	2	2.95212
324	12	2.66142
324	29	2.27092
324	141	2.99656
324	149	2.82874
324	214	3.24624
324	246	3.15797
324	333	3.64829
324	420	4.04334
324	434	4.28559
325	66	3.16228
325	134	2.64785
325	195	2.77384
325	207	2.94517
325	210	2.97671
325	218	2.89711
325	287	2.99222
325	416	3.46402
325	417	3.7356
325	460	3.96387
326	17	2.682
326	75	2.682
326	80	2.55647
326	87	3.16228
326	132	2.71882
326	247	2.77846
326	337	3.48252
326	371	3.7688
326	425	4.00667
326	438	3.7526
327	23	3.04586
327	41	3.07772
327	69	2.57376
327	78	2.90097
327	195	2.97474
327	200	3.1759
327	259	3.05606
327	393	3.59305
327	400	4.02393
327	421	1.86672
328	83	2.51804
328	183	2.48441
328	217	2.44543
328	296	2.84636
328	313	3.16228
328	344	2.95942
328	435	3.88849
328	450	3.67195
328	463	3.52487
328	483	4.0382
329	115	2.84718
329	122	2.84188
329	164	2.8658
329	202	2.93038
329	273	2.55165
329	378	2.94059
329	384	3.50755
329	400	3.77836
329	446	6.4
329	477	4.17337
330	32	3.16228
330	126	2.63407
330	152	2.5574
330	226	2.77887
330	258	2.93868
330	289	2.81006
330	375	3.39534
330	396	3.62202
330	433	3.80707
330	445	3.88654
331	26	2.29723
331	63	2.04884
331	171	2.54653
331	249	3.03509
331	300	3.16228
331	306	2.8921
331	348	3.54257
331	437	3.99343
331	468	4.00651
331	471	4.07754
332	115	3.64829
332	118	2.38731
332	220	2.23631
332	311	2.88044
332	345	3.12577
332	366	2.93564
332	432	3.95028
332	434	4.04122
332	446	3.75862
332	460	3.81202
332	462	3.67417
333	29	2.41416
333	39	2.4536
333	97	2.87381
333	149	2.97198
333	246	3.30121
333	270	3.39475
333	324	3.64829
333	360	3.45396
333	366	3.32324
333	420	4.18658
333	434	4.42883
334	187	2.1257
334	261	2.38063
334	341	2.56806
334	410	2.84893
334	449	3.23789
334	458	3.83285
334	459	3.97042
334	465	4.11236
334	467	3.67529
334	481	7.63675
334	488	4.01073
335	79	2.56504
335	112	3.64829
335	158	2.97247
335	161	2.99915
335	167	3.2204
335	216	3.22113
335	257	3.29866
335	278	3.36654
335	291	3.40277
335	308	3.53195
335	457	4.23454
336	51	2.03335
336	144	3.64829
336	170	2.22347
336	342	2.8727
336	369	2.93692
336	402	3.17923
336	412	3.63256
336	469	3.71692
336	479	4.06238
336	484	4.14109
336	485	4.02123
337	9	2.59059
337	17	2.88971
337	75	2.88971
337	80	2.76418
337	87	3.04578
337	132	3.64829
337	247	2.98617
337	326	3.48252
