1	220	0.234326
1	339	1.46304
1	364	1.71109
1	410	2.53892
1	417	2.98338
1	449	3.89286
1	451	3.84461
2	97	2.26274
2	405	0.756573
2	434	2.37245
2	442	2.81138
2	457	3.44987
2	463	3.46673
2	468	3.82121
3	117	0.429386
3	221	0.813361
3	275	1.10509
3	388	2.80365
3	430	3.5904
3	431	3.66661
3	445	4.25974
4	126	0.462334
4	223	0.922682
4	254	4.15692
4	309	1.8824
4	402	3.30657
4	459	4.75834
4	473	5.33591
5	238	0.0592045
5	277	0.13054
5	403	2.16407
5	405	2.01281
5	457	4.70611
5	462	4.68379
5	468	5.07745
6	85	0.628453
6	339	1.76034
6	380	2.66665
6	417	3.28069
6	443	1.55624
6	449	4.19017
6	451	4.14192
7	246	0.291604
7	364	1.30976
7	406	2.40089
7	417	2.58205
7	439	3.14912
7	449	3.49152
7	451	3.44328
8	75	0.332691
8	299	0.746762
8	465	3.11773
8	477	2.90623
8	481	3.19723
8	487	3.49554
8	490	3.61928
9	128	2.7
9	221	1.165
9	348	2.1049
9	369	2.63036
9	382	2.80767
9	430	3.94205
9	431	4.01825
10	92	0.897943
10	116	0.607389
10	190	1.11465
10	203	3.16228
10	399	3.6121
10	459	4.92929
10	473	5.50686
11	456	1.10603
11	479	1.80454
11	488	2.71317
11	489	2.6014
11	497	3.02711
11	499	3.15643
11	500	3.36659
12	427	1.45313
12	452	2.49267
12	460	2.98295
12	471	3.23225
12	472	3.23225
12	475	3.56438
12	478	3.275
13	204	0.642878
13	269	1.3428
13	339	1.64674
13	375	2.23917
13	406	2.98593
13	439	3.73416
13	449	4.07656
14	424	0.131296
14	446	1.07693
14	458	2.3456
14	480	3.02425
14	495	4.00011
14	497	4.04836
14	500	4.38784
15	74	1.86227
15	82	1.46227
15	160	2.27724
15	192	2.13009
15	194	2.4848
15	292	2.96153
15	362	3.49005
16	94	1.93041
16	157	1.99667
16	175	2.7
16	216	2.37729
16	307	3.18183
16	328	3.43807
16	359	3.74397
17	325	5.80948
17	441	2.21998
17	442	2.30817
17	457	2.94666
17	462	2.92434
17	463	2.96352
17	468	3.318
18	219	0.2012
18	385	3.05454
18	488	2.95829
18	495	3.22398
18	497	3.27222
18	499	3.40155
18	500	3.61171
19	262	0.238002
19	386	0.464378
19	427	1.81118
19	460	3.34101
19	471	3.5903
19	472	3.5903
19	478	3.63305
20	93	0.317189
20	414	2.89148
20	442	2.68758
20	457	3.32607
20	462	3.30375
20	463	3.34294
20	468	3.69741
21	344	1.40136
21	476	2.32749
21	482	2.53425
21	483	2.62808
21	485	3.0318
21	486	2.99392
21	492	3.15322
22	212	0.180311
22	293	1.31333
22	411	2.6079
22	428	2.82839
22	429	2.89346
22	435	3.23945
22	448	3.60541
23	427	1.15727
23	440	1.77513
23	452	2.19681
23	460	2.6871
23	471	2.93639
23	472	2.93639
23	478	2.97914
24	418	0.148545
24	454	2.25641
24	469	2.19967
24	480	2.70696
24	495	3.68282
24	499	3.86039
24	500	4.07055
25	357	0.549926
25	387	1.54967
25	444	2.91247
25	447	2.61606
25	453	3.00687
25	454	3.02705
25	455	3.00683
26	74	2.36173
26	192	2.62955
26	194	2.98427
26	195	2.69508
26	240	2.68318
26	326	3.31443
26	353	1.93296
27	300	1.12313
27	479	1.91231
27	480	2.11077
27	488	2.82094
27	495	3.08663
27	499	3.26421
27	500	3.47437
28	321	0.808244
28	395	2.02126
28	399	2.2009
28	402	2.06632
28	422	2.43478
28	433	3.04106
28	473	4.09566
29	302	0.102574
29	391	0.174131
29	470	2.34276
29	493	3.432
29	494	3.44528
29	496	3.5152
29	498	3.64815
30	236	1.63363
30	249	1.91513
30	283	2.10607
30	308	2.08642
30	335	2.7679
30	344	3.17191
30	376	2.98718
31	42	1.85203
31	62	1.65376
31	160	2.48339
31	192	2.33624
31	292	3.16768
31	320	3.33096
31	362	3.6962
32	434	1.94233
32	441	2.29306
32	448	0.685591
32	457	3.01975
32	462	2.99742
32	463	3.03661
32	468	3.39108
33	434	2.04872
33	441	2.39946
33	442	2.48765
33	462	3.10381
33	463	3.143
33	468	3.49747
33	491	2.18209
34	135	0.575682
34	193	0.565144
34	265	0.860556
34	395	2.99982
34	399	3.17947
34	422	3.41334
34	473	5.07422
35	81	0.110889
35	357	1.71439
35	380	2.06213
35	387	2.71414
35	437	3.76642
35	454	4.19151
35	455	4.1713
36	469	1.22814
36	479	1.53696
36	488	2.4456
36	495	2.71129
36	497	2.75953
36	499	2.88886
36	500	3.09902
37	158	0.710777
37	204	1.43432
37	247	1.21924
37	324	0.509534
37	417	3.95853
37	439	4.5256
37	451	4.81976
38	356	0.154746
38	437	2.49246
38	444	2.80297
38	447	2.50656
38	453	2.89737
38	454	2.91755
38	455	2.89734
39	387	2.15255
39	488	2.51746
39	489	2.40569
39	495	2.78315
39	497	2.8314
39	499	2.96073
39	500	3.17089
40	434	1.94233
40	441	2.29306
40	457	3.01975
40	462	2.99742
40	463	3.03661
40	468	3.39108
40	483	3.33097
41	119	0.711085
41	216	0.686192
41	253	4.15692
41	411	3.53334
41	428	3.75383
41	429	3.8189
41	435	4.16489
42	31	1.85203
42	469	1.57677
42	488	2.79422
42	489	2.68245
42	495	3.05991
42	497	3.10816
42	500	3.44765
43	122	1.38089
43	167	2.10958
43	199	1.90572
43	248	2.29919
43	249	2.28777
43	335	3.14054
43	344	3.54455
44	45	1.59946
44	95	2.29138
44	218	2.53017
44	278	4.68722
44	283	2.76675
44	344	3.8326
44	376	3.64786
45	44	1.59946
45	95	2.26634
45	167	2.37258
45	197	2.39186
45	218	2.50513
45	224	2.12933
45	335	3.40354
46	129	1.18421
46	186	1.61177
46	352	2.22134
46	388	3.27659
46	423	3.64164
46	445	4.73268
46	489	2.65306
47	241	0.928643
47	396	0.464918
47	398	1.00734
47	465	3.50548
47	477	3.29398
47	481	3.58498
47	487	3.88329
48	158	2.7
48	440	1.96801
48	452	2.38969
48	460	2.87998
48	471	3.12927
48	472	3.12927
48	478	3.17202
49	339	1.2863
49	381	1.33644
49	394	1.67982
49	404	1.83364
49	458	3.61519
49	474	4.09843
49	475	4.10471
50	434	1.6024
50	441	1.95314
50	442	2.04133
50	457	2.67982
50	462	2.6575
50	463	2.69669
50	468	3.05116
51	467	1.60257
51	476	2.06041
51	482	2.26717
51	483	2.36099
51	485	2.76471
51	486	2.72683
51	492	2.88613
52	73	2.26274
52	395	2.02022
52	399	2.19986
52	400	1.79645
52	433	3.04002
52	459	3.51705
52	473	4.09462
53	389	4.04815
53	405	0.595545
53	441	2.56216
53	457	3.28884
53	462	3.26652
53	463	3.30571
53	468	3.66018
54	195	3.16228
54	434	2.04872
54	441	2.39946
54	442	2.48765
54	462	3.10381
54	463	3.143
54	468	3.49747
55	101	1.85735
55	155	2.7
55	194	2.73302
55	240	2.43193
55	292	3.20974
55	320	3.37302
55	326	3.06318
56	267	0.093296
56	282	0.130074
56	316	0.0740946
56	457	4.00221
56	462	3.97989
56	463	4.01907
56	468	4.37354
57	285	0.234571
57	313	0.28765
57	444	3.95995
57	453	4.05435
57	454	4.07453
57	455	4.05432
57	494	1.68267
58	125	0.310876
58	312	1.5426
58	375	2.02552
58	380	2.33939
58	406	2.77227
58	449	3.86291
58	451	3.81466
59	87	2.26274
59	272	0.249895
59	297	0.0766149
59	480	3.33875
59	489	3.93715
59	497	4.36286
59	500	4.70235
60	157	0.10863
60	370	1.38599
60	411	2.6077
60	428	2.82819
60	429	2.89326
60	435	3.23925
60	448	3.60521
61	67	0.456588
61	76	1.25379
61	94	1.32499
61	370	3.39731
61	411	4.61902
61	448	5.61653
61	453	1.78006
62	31	1.65376
62	160	2.53225
62	195	2.45063
62	292	3.21654
62	326	3.06998
62	362	3.74506
62	473	3.16567
63	436	0.583714
63	456	1.50816
63	476	2.50789
63	482	2.71465
63	483	2.80847
63	485	3.21219
63	492	3.33361
64	374	0.374037
64	383	0.53953
64	389	0.785973
64	460	3.6794
64	471	3.92869
64	472	3.92869
64	478	3.97144
65	71	2.26274
65	213	1.25725
65	230	0.512023
65	423	3.22207
65	430	3.64378
65	431	3.71999
65	445	4.31312
66	240	3.64829
66	403	0.276858
66	491	3.07454
66	493	3.25248
66	494	3.26577
66	496	3.33568
66	498	3.46864
67	61	0.456588
67	307	1.18122
67	428	3.44432
67	429	3.50939
67	432	1.37067
67	435	3.85538
67	448	4.22134
68	212	3.64829
68	354	0.235656
68	456	2.07116
68	482	3.27765
68	483	3.37148
68	485	3.7752
68	486	3.73732
68	492	3.89662
69	237	0.0803043
69	387	2.24634
69	397	0.549873
69	437	3.29862
69	444	3.60913
69	453	3.70353
69	454	3.72371
69	455	3.7035
70	227	0.178106
70	229	0.29215
70	372	1.55273
70	383	2.24793
70	426	2.92363
70	458	4.06579
70	474	4.54903
70	475	4.55531
71	65	2.26274
71	251	0.613866
71	264	0.467366
71	404	2.46533
71	426	3.10472
71	458	4.24688
71	474	4.73012
71	475	4.7364
72	450	1.3336
72	452	1.71819
72	461	2.16985
72	476	2.8917
72	482	3.09846
72	485	3.59601
72	486	3.55813
72	492	3.71743
73	52	2.26274
73	379	0.162227
73	396	0.708789
73	465	3.74935
73	477	3.53785
73	481	3.82885
73	487	4.12717
73	490	4.2509
74	15	1.86227
74	26	2.36173
74	138	2.69657
74	192	2.79977
74	209	3.16228
74	240	2.85339
74	292	3.63121
74	362	4.15973
75	8	0.332691
75	257	4.15692
75	325	0.501808
75	396	1.7265
75	420	2.62347
75	465	4.76706
75	487	5.14487
75	490	5.26861
76	61	1.25379
76	90	0.685413
76	152	0.895707
76	288	1.94895
76	328	2.23466
76	411	4.02103
76	429	4.30659
76	448	5.01854
77	405	0.450274
77	434	2.06616
77	441	2.41689
77	442	2.50508
77	457	3.14357
77	462	3.12125
77	463	3.16044
77	468	3.51491
78	95	2.33306
78	197	2.45859
78	218	2.57185
78	248	2.62891
78	269	2.23662
78	283	2.80843
78	344	3.87428
78	376	3.68954
79	398	0.880708
79	461	1.90433
79	476	2.62619
79	482	2.83294
79	483	2.92677
79	485	3.33049
79	486	3.29261
79	492	3.45191
80	409	0.210835
80	425	1.30483
80	456	2.75563
80	467	3.29753
80	476	3.75536
80	485	4.45967
80	488	3.38463
80	492	4.58109
81	35	0.110889
81	237	0.0638599
81	357	1.39516
81	444	3.7577
81	447	3.46129
81	453	3.8521
81	454	3.87227
81	455	3.85206
82	15	1.46227
82	96	1.8461
82	179	1.89876
82	195	2.4653
82	240	2.45339
82	320	3.39448
82	326	3.08465
82	362	3.75973
83	252	1.85983
83	405	0.795291
83	434	2.41117
83	442	2.8501
83	457	3.48859
83	462	3.46627
83	463	3.50545
83	468	3.85993
84	464	1.76681
84	470	2.24845
84	483	3.74168
84	484	2.87127
84	491	3.15976
84	494	3.35098
84	496	3.4209
84	498	3.55385
85	6	0.628453
85	123	0.350776
85	174	2.7
85	312	2.28087
85	417	3.6917
85	439	4.25877
85	449	4.60117
85	451	4.55293
86	418	2.35881
86	425	0.634054
86	461	2.36274
86	467	2.62676
86	482	3.29135
86	485	3.7889
86	486	3.75102
86	492	3.91032
87	59	2.26274
87	365	1.49883
87	383	2.19732
87	394	2.0798
87	404	2.23362
87	443	3.352
87	474	4.49842
87	475	4.50469
88	397	0.549873
88	401	0.0515403
88	479	2.46746
88	480	2.66592
88	495	3.64178
88	497	3.69003
88	499	3.81935
88	500	4.02951
89	159	0.0265521
89	222	0.129587
89	387	2.29883
89	437	3.35112
89	444	3.66163
89	447	3.36522
89	454	3.7762
89	455	3.75599
90	76	0.685413
90	120	0.782845
90	217	0.844291
90	411	4.05064
90	428	4.27114
90	431	2.94371
90	435	4.68219
90	448	5.04815
91	330	0.269475
91	389	0.887955
91	452	3.2911
91	460	3.78138
91	470	2.93716
91	471	4.03067
91	472	4.03067
91	478	4.07342
92	10	0.897943
92	223	1.15942
92	321	2.28523
92	363	2.73922
92	367	2.71514
92	450	3.43725
92	459	4.99508
92	473	5.57265
93	20	0.317189
93	283	4.68722
93	441	2.78319
93	442	2.87138
93	457	3.50987
93	462	3.48755
93	463	3.52673
93	468	3.8812
94	16	1.93041
94	61	1.32499
94	120	0.824436
94	354	1.67152
94	370	2.87053
94	428	4.31273
94	429	4.37779
94	435	4.72378
95	44	2.29138
95	45	2.26634
95	78	2.33306
95	141	2.7
95	197	3.08379
95	224	2.82125
95	248	3.25411
95	376	4.31474
96	82	1.8461
96	138	2.41072
96	194	2.86863
96	266	0.19105
96	273	2.65791
96	320	3.50863
96	326	3.1988
96	362	3.87388
97	2	2.26274
97	322	0.062204
97	464	2.10132
97	484	3.20578
97	493	3.6722
97	494	3.68549
97	496	3.7554
97	498	3.88836
98	360	3.1565
98	464	1.61122
98	484	2.71568
98	491	3.00416
98	493	3.1821
98	494	3.19539
98	496	3.2653
98	498	3.39825
99	438	0.756257
99	464	2.02938
99	469	2.35815
99	484	3.13384
99	491	3.42232
99	493	3.60026
99	494	3.61355
99	498	3.81642
100	117	2.26274
100	450	1.18754
100	476	2.74565
100	482	2.9524
100	483	3.04623
100	485	3.44995
100	486	3.41207
100	492	3.57137
101	55	1.85735
101	138	2.44344
101	148	2.7
101	160	2.69379
101	273	2.69063
101	320	3.54135
101	326	3.23152
101	362	3.9066
102	350	0.0882951
102	421	1.35017
102	440	2.34434
102	452	2.76602
102	460	3.25631
102	471	3.5056
102	472	3.5056
102	478	3.54835
103	110	2.26274
103	243	0.327809
103	295	0.907013
103	313	1.52761
103	324	2.12146
103	437	4.8894
103	453	5.29431
103	455	5.29428
104	107	0.110387
104	378	0.573701
104	419	2.25781
104	420	2.02953
104	465	4.17312
104	481	4.25261
104	487	4.55093
104	490	4.67467
105	337	6.4
105	357	0.92768
105	437	2.97971
105	444	3.29022
105	447	2.99382
105	453	3.38462
105	454	3.4048
105	455	3.38459
106	255	4.15692
106	434	2.13047
106	441	2.48121
106	442	2.5694
106	457	3.20789
106	462	3.18557
106	463	3.22475
106	468	3.57922
107	104	0.110387
107	361	0.717642
107	420	2.04309
107	431	2.94371
107	477	3.97517
107	481	4.26617
107	487	4.56449
107	490	4.68823
108	144	0.415996
108	390	0.745781
108	465	3.6912
108	471	3.60494
108	477	3.4797
108	481	3.7707
108	487	4.06901
108	490	4.19275
109	112	0.133254
109	145	0.405046
109	293	2.17861
109	370	2.25148
109	411	3.47318
109	428	3.69368
109	429	3.75874
109	448	4.47069
110	103	2.26274
110	461	1.96974
110	467	2.23375
110	482	2.89835
110	483	2.99217
110	485	3.3959
110	486	3.35801
110	492	3.51732
111	129	1.52256
111	139	1.12653
111	166	1.27366
111	309	3.61791
111	382	3.26732
111	397	3.62569
111	431	4.4779
111	445	5.07103
112	109	0.133254
112	288	1.23594
112	359	1.82755
112	370	2.08631
112	411	3.30802
112	428	3.52851
112	435	3.93957
112	448	4.30553
113	271	4.15692
113	367	1.58201
113	399	2.54476
113	400	2.14134
113	402	2.41018
113	433	3.38492
113	459	3.86195
113	473	4.43952
114	149	0.186755
114	262	0.432189
114	419	1.79599
114	440	2.8003
114	452	3.22199
114	471	3.96157
114	472	3.96157
114	478	4.00432
115	313	0.0845855
115	387	1.77848
115	437	2.83077
115	444	3.14128
115	447	2.84487
115	453	3.23567
115	454	3.25585
115	455	3.23564
116	10	0.607389
116	146	0.853543
116	265	1.06843
116	422	3.62121
116	433	4.22749
116	459	4.70452
116	473	5.28209
116	488	3.38463
117	3	0.429386
117	100	2.26274
117	129	1.55511
117	275	1.94893
117	388	3.64749
117	392	3.24594
117	430	4.43424
117	445	5.10358
118	346	2.81187
118	386	0.53093
118	440	2.49559
118	452	2.91728
118	460	3.40756
118	471	3.65685
118	472	3.65685
118	478	3.69961
119	41	0.711085
119	172	0.702036
119	262	4.15692
119	359	2.22301
119	411	3.70348
119	429	3.98904
119	435	4.33503
119	448	4.70099
120	90	0.782845
120	94	0.824436
120	181	1.23476
120	216	1.27131
120	288	2.04638
120	428	4.33896
120	435	4.75001
120	448	5.11597
121	124	0.363118
121	155	0.344396
121	379	1.56415
121	385	2.36736
121	412	2.84164
121	443	4.04969
121	474	5.1961
121	475	5.20238
122	43	1.38089
122	236	2.33874
122	283	2.81118
122	308	2.79154
122	335	3.47301
122	344	3.87703
122	376	3.69229
122	445	2.96635
123	85	0.350776
123	246	1.38746
123	380	3.06387
123	406	3.49675
123	410	3.23345
123	421	1.94884
123	439	4.24498
123	449	4.58738
124	121	0.363118
124	383	2.06404
124	404	2.10035
124	443	3.21872
124	458	3.8819
124	472	2.62979
124	474	4.36514
124	475	4.37141
125	58	0.310876
125	247	1.00417
125	269	1.91917
125	406	3.5623
125	439	4.31053
125	449	4.65293
125	451	4.60469
125	498	2.28953
126	4	0.462334
126	146	0.879438
126	304	1.97456
126	364	3.40763
126	399	3.41323
126	402	3.27865
126	433	4.25339
126	459	4.73042
126	473	5.30799
127	161	0.069105
127	325	0.342037
127	415	2.03742
127	420	2.4637
127	464	3.19155
127	465	4.60729
127	481	4.68678
127	487	4.9851
127	490	5.10884
128	9	2.7
128	438	0.781349
128	466	2.1066
128	484	3.15893
128	491	3.44742
128	493	3.62535
128	494	3.63864
128	496	3.70856
128	498	3.84151
129	46	1.18421
129	111	1.52256
129	117	1.55511
129	352	2.87412
129	369	3.40444
129	382	3.58175
129	431	4.79233
129	445	5.38546
129	472	3.06705
130	259	4.15692
130	261	0.682772
130	287	1.17928
130	380	2.9426
130	406	3.37548
130	410	3.11218
130	439	4.12371
130	449	4.46611
130	451	4.41787
131	198	0.5309
131	360	1.76705
131	383	1.98041
131	394	1.86289
131	426	2.65611
131	443	3.13509
131	458	3.79826
131	474	4.28151
131	475	4.28778
132	210	0.0422899
132	252	2.29709
132	355	0.861377
132	379	1.20584
132	420	2.64937
132	465	4.79296
132	477	4.58146
132	481	4.87246
132	490	5.29451
133	251	1.75242
133	297	5.23832
133	306	1.064
133	365	1.94497
133	394	2.52594
133	426	3.31916
133	443	3.79814
133	474	4.94455
133	475	4.95083
134	340	6.4
134	438	0.787873
134	464	2.061
134	484	3.16546
134	491	3.45394
134	493	3.63188
134	494	3.64517
134	496	3.71508
134	498	3.84804
135	34	0.575682
135	291	0.853905
135	390	3.46668
135	395	3.00911
135	399	3.18876
135	402	3.05417
135	433	4.02891
135	459	4.50594
135	473	5.08351
136	246	4.15692
136	436	1.31421
136	456	2.23865
136	461	2.51653
136	467	2.78055
136	483	3.53896
136	485	3.94269
136	486	3.90481
136	492	4.06411
137	261	0.665435
137	312	2.12847
137	364	2.26701
137	380	2.92526
137	406	3.35814
137	439	4.10637
137	447	3.16216
137	449	4.44877
137	451	4.40053
138	74	2.69657
138	96	2.41072
138	101	2.44344
138	160	3.11154
138	188	3.16228
138	192	2.96439
138	194	3.3191
138	195	3.02991
138	362	4.32435
139	111	1.12653
139	213	1.93356
139	327	1.84455
139	369	3.00841
139	388	3.53334
139	397	3.54409
139	430	4.32009
139	445	4.98943
139	495	2.46872
140	432	0.37728
140	445	3.40361
140	446	1.12818
140	469	2.56821
140	488	3.78567
140	489	3.6739
140	497	4.09961
140	499	4.22894
140	500	4.4391
141	95	2.7
141	183	1.71551
141	250	1.67064
141	259	1.38817
141	388	3.58249
141	392	3.18094
141	423	3.94754
141	430	4.36925
141	431	4.44545
142	317	0.260984
142	335	2.72586
142	398	1.49245
142	420	1.84701
142	465	3.99059
142	477	3.77909
142	481	4.07009
142	487	4.36841
142	490	4.49215
143	309	1.37182
143	310	1.64179
143	395	2.75093
143	400	2.52716
143	422	3.16445
143	433	3.77074
143	459	4.24777
143	466	3.78792
143	473	4.82534
144	108	0.415996
144	301	0.433247
144	361	1.50417
144	379	1.38607
144	465	4.9732
144	477	4.7617
144	480	2.34654
144	487	5.35101
144	490	5.47475
145	109	0.405046
145	150	0.659799
145	293	3.02355
145	328	2.53176
145	370	3.09642
145	411	4.31812
145	435	4.94967
145	448	5.31563
145	488	3.82189
146	116	0.853543
146	126	0.879438
146	309	2.2995
146	315	2.17505
146	321	2.4656
146	391	3.99799
146	433	4.69841
146	459	5.17544
146	473	5.75301
147	425	0.86726
147	436	1.39362
147	450	1.75969
147	456	2.31807
147	467	2.85996
147	476	3.3178
147	483	3.61838
147	485	4.02211
147	492	4.14352
148	101	2.7
148	304	1.57493
148	309	1.45485
148	367	2.05085
148	402	2.87901
148	422	3.24747
148	433	3.85376
148	459	4.33079
148	473	4.90836
149	114	0.186755
149	230	3.64829
149	374	0.989487
149	421	2.38871
149	427	2.76502
149	460	4.29485
149	471	4.54414
149	472	4.54414
149	478	4.58689
150	145	0.659799
150	268	4.15692
150	271	0.923848
150	328	1.94157
150	411	3.72793
150	428	3.94843
150	429	4.01349
150	435	4.35948
150	448	4.72544
151	256	0.0525895
151	282	0.1365
151	293	2.13659
151	441	3.45982
151	442	3.54802
151	457	4.1865
151	462	4.16418
151	463	4.20337
151	468	4.55784
152	76	0.895707
152	157	1.03317
152	172	1.25949
152	213	3.64829
152	307	2.21833
152	411	4.26094
152	428	4.48143
152	435	4.89249
152	448	5.25845
153	324	0.552247
153	387	2.26791
153	428	3.63893
153	437	3.32019
153	444	3.6307
153	447	3.33429
153	453	3.7251
153	454	3.74528
153	455	3.72507
154	450	1.57175
154	451	2.4336
154	461	2.408
154	467	2.67202
154	476	3.12986
154	482	3.33661
154	483	3.43044
154	486	3.79628
154	492	3.95558
155	55	2.7
155	121	0.344396
155	229	1.01172
155	332	1.53198
155	385	2.43986
155	426	3.6432
155	458	4.78536
155	474	5.2686
155	475	5.27488
156	438	0.499673
156	466	1.82493
156	470	2.25444
156	484	2.87726
156	491	3.16574
156	493	3.34368
156	494	3.35697
156	496	3.42688
156	498	3.55984
157	16	1.99667
157	60	0.10863
157	152	1.03317
157	183	3.16228
157	359	2.67802
157	411	4.15849
157	428	4.37899
157	435	4.79004
157	448	5.156
158	37	0.710777
158	48	2.7
158	312	2.36025
158	364	2.49879
158	375	2.84317
158	406	3.58992
158	410	3.32662
158	439	4.33815
158	451	4.63231
159	89	0.0265521
159	243	0.150417
159	338	2.20639
159	357	2.11815
159	437	4.17019
159	444	4.4807
159	447	4.18429
159	454	4.59527
159	455	4.57506
160	15	2.27724
160	31	2.48339
160	62	2.53225
160	101	2.69379
160	138	3.11154
160	240	3.26836
160	273	3.35873
160	319	3.6706
160	362	4.5747
161	127	0.069105
161	226	0.936264
161	390	1.05333
161	398	1.50061
161	465	3.99875
161	477	3.78725
161	481	4.07825
161	487	4.37657
161	490	4.5003
162	288	2.7375
162	345	0.00444109
162	434	2.69185
162	441	3.04259
162	442	3.13078
162	457	3.76927
162	462	3.74695
162	463	3.78613
162	468	4.1406
163	172	2.7
163	418	0.00300763
163	469	2.3504
163	480	2.85769
163	488	3.56786
163	489	3.45609
163	495	3.83355
163	499	4.01112
163	500	4.22128
164	373	0.896726
164	377	0.5931
164	415	1.53567
164	465	4.10554
164	477	3.89404
164	478	2.9598
164	481	4.18504
164	487	4.48335
164	490	4.60709
165	269	1.76536
165	287	1.21228
165	312	2.17881
165	339	2.06929
165	364	2.31735
165	375	2.66173
165	410	3.14518
165	449	4.49912
165	451	4.45087
166	111	1.27366
166	259	1.48615
166	275	1.98191
166	348	2.63007
166	349	2.99828
166	392	3.27892
166	423	4.04551
166	430	4.46722
166	445	5.13656
167	43	2.10958
167	45	2.37258
167	199	2.96689
167	201	2.79316
167	224	2.9275
167	248	3.36036
167	249	3.34894
167	376	4.42099
167	389	4.89612
168	190	1.0339
168	235	0.859639
168	310	2.24256
168	363	2.59268
168	399	3.53135
168	422	3.76522
168	459	4.84854
168	471	4.04219
168	473	5.42611
169	363	3.67406
169	466	1.88726
169	470	2.31677
169	484	2.93959
169	491	3.22807
169	493	3.40601
169	494	3.4193
169	496	3.48921
169	498	3.62217
170	220	0.796034
170	257	0.954143
170	301	3.74794
170	380	2.93105
170	410	3.10063
170	417	3.54509
170	439	4.11216
170	449	4.45456
170	451	4.40632
171	279	4.68722
171	360	2.33398
171	368	1.47851
171	372	1.85213
171	383	2.54734
171	385	2.01969
171	458	4.3652
171	474	4.84844
171	475	4.85471
172	119	0.702036
172	152	1.25949
172	163	2.7
172	271	1.58073
172	293	3.09024
172	328	2.59845
172	429	4.67037
172	435	5.01636
172	448	5.38232
173	183	1.67147
173	211	0.670999
173	224	3.64829
173	327	1.84967
173	352	2.4832
173	423	3.9035
173	430	4.32521
173	431	4.40141
173	445	4.99454
174	85	2.7
174	317	0.503638
174	373	1.38323
174	378	0.992628
174	398	2.0939
174	465	4.59204
174	481	4.67154
174	487	4.96986
174	490	5.09359
175	16	2.7
175	409	0.0722275
175	456	2.41607
175	461	2.69395
175	467	2.95797
175	483	3.71638
175	485	4.12011
175	486	4.08223
175	492	4.24153
176	331	0.370971
176	365	2.58798
176	373	1.60289
176	398	2.31356
176	415	2.24184
176	420	2.66812
176	477	4.60021
176	487	5.18952
176	490	5.31326
177	317	1.35031
177	403	0.087827
177	414	0.104097
177	470	3.16898
177	484	3.7918
177	491	4.08028
177	493	4.25822
177	496	4.34143
177	498	4.47438
178	360	2.11465
178	365	1.62952
178	381	1.86711
178	412	2.27464
178	426	3.00371
178	458	4.14587
178	474	4.62911
178	475	4.63538
178	494	2.53064
179	82	1.89876
179	194	2.92129
179	195	2.6321
179	273	2.71056
179	292	3.39802
179	320	3.56129
179	326	3.25146
179	362	3.92654
179	484	4.41885
180	444	1.98351
180	479	2.13581
180	480	2.33427
180	488	3.04444
180	489	2.93267
180	495	3.31013
180	497	3.35838
180	499	3.48771
180	500	3.69787
181	120	1.23476
181	212	2.07497
181	307	2.45995
181	328	2.71619
181	359	3.02209
181	370	3.28086
181	428	4.72306
181	429	4.78812
181	481	3.13743
182	276	4.68722
182	401	0.309119
182	408	0.320096
182	446	1.6406
182	480	3.58792
182	489	4.18631
182	495	4.56378
182	499	4.74135
182	500	4.95151
183	141	1.71551
183	157	3.16228
183	173	1.67147
183	186	2.48995
183	232	1.97031
183	352	3.09952
183	369	3.62984
183	392	3.75322
183	423	4.51982
183	445	5.61086
184	334	0.0956692
184	457	2.76253
184	469	2.5689
184	479	2.87773
184	480	3.07619
184	488	3.78636
184	489	3.67459
184	495	4.05205
184	497	4.1003
184	499	4.22962
185	425	1.06611
185	450	1.95855
185	461	2.7948
185	467	3.05882
185	469	3.25768
185	476	3.51665
185	482	3.72341
185	483	3.81723
185	486	4.18308
185	492	4.34238
186	46	1.61177
186	183	2.48995
186	266	2.07517
186	327	2.66814
186	348	3.30653
186	352	3.30168
186	369	3.832
186	392	3.95538
186	431	5.21989
186	438	3.1974
187	295	0.300774
187	324	1.51522
187	356	1.84401
187	357	2.23113
187	437	4.28316
187	444	4.59367
187	447	4.29726
187	453	4.68807
187	454	4.70825
187	497	4.09814
188	138	3.16228
188	413	0.311014
188	414	0.236592
188	464	2.81984
188	470	3.30148
188	484	3.9243
188	493	4.39072
188	494	4.404
188	496	4.47392
188	498	4.60687
189	278	0.508088
189	372	1.91794
189	381	2.15225
189	382	2.85327
189	412	2.55978
189	426	3.28885
189	443	3.76783
189	458	4.431
189	474	4.91424
189	475	4.92052
190	10	1.11465
190	168	1.0339
190	193	1.28027
190	315	2.21139
190	363	2.95593
190	374	3.47449
190	422	4.12847
190	433	4.73475
190	459	5.21178
190	473	5.78935
191	274	0.0547888
191	345	0.0852722
191	405	1.9311
191	434	3.54698
191	442	3.98591
191	454	3.56666
191	457	4.6244
191	462	4.60208
191	463	4.64126
191	468	4.99573
192	15	2.13009
192	26	2.62955
192	31	2.33624
192	74	2.79977
192	138	2.96439
192	273	3.21158
192	292	3.89903
192	320	4.0623
192	362	4.42755
192	426	5.58226
193	34	0.565144
193	190	1.28027
193	265	1.45882
193	321	2.38507
193	400	3.37431
193	422	4.0116
193	433	4.61788
193	459	5.09492
193	473	5.67249
193	474	3.50654
194	15	2.4848
194	26	2.98427
194	55	2.73302
194	96	2.86863
194	138	3.3191
194	179	2.92129
194	240	3.47593
194	273	3.56629
194	326	4.10718
194	482	3.5188
195	26	2.69508
195	54	3.16228
195	62	2.45063
195	82	2.4653
195	138	3.02991
195	179	2.6321
195	273	3.2771
195	292	3.96455
195	320	4.12783
195	326	3.81799
196	229	3.64829
196	413	0.0596169
196	466	2.39994
196	470	2.82945
196	484	3.45227
196	491	3.74075
196	493	3.91869
196	494	3.93198
196	496	4.00189
196	498	4.13485
197	45	2.39186
197	78	2.45859
197	95	3.08379
197	199	2.98617
197	201	2.81244
197	248	3.37964
197	249	3.36822
197	308	3.53952
197	376	4.44027
197	476	2.28747
198	131	0.5309
198	229	1.34142
198	348	7.00928
198	368	2.22837
198	372	2.60199
198	385	2.76955
198	404	3.33351
198	443	4.45188
198	474	5.5983
198	475	5.60457
199	43	1.90572
199	167	2.96689
199	197	2.98617
199	201	2.58929
199	249	3.14508
199	283	3.33602
199	308	3.31637
199	335	3.99784
199	376	4.21712
199	496	3.00523
200	439	3.74
200	469	2.08627
200	479	2.3951
200	480	2.59356
200	488	3.30373
200	489	3.19196
200	495	3.56942
200	497	3.61767
200	499	3.74699
200	500	3.95715
201	167	2.79316
201	197	2.81244
201	199	2.58929
201	218	2.9257
201	248	2.98276
201	283	3.16228
201	308	3.14264
201	335	3.82411
201	344	4.22813
201	366	2.84587
202	340	0.505569
202	389	1.27861
202	419	2.25575
202	440	3.26006
202	452	3.68175
202	460	4.17203
202	465	3.91584
202	471	4.42133
202	472	4.42133
202	478	4.46408
203	10	3.16228
203	296	0.0540628
203	466	2.40056
203	470	2.83007
203	484	3.45289
203	491	3.74138
203	493	3.91931
203	494	3.9326
203	496	4.00252
203	498	4.13547
204	13	0.642878
204	37	1.43432
204	220	1.74557
204	246	2.20418
204	287	2.11727
204	417	4.49463
204	434	3.16662
204	439	5.0617
204	449	5.4041
204	451	5.35586
205	376	3.89795
205	436	1.4271
205	456	2.35154
205	461	2.62942
205	467	2.89344
205	476	3.35127
205	482	3.55803
205	485	4.05558
205	486	4.0177
205	492	4.177
206	227	0.642654
206	264	0.750825
206	360	2.49912
206	370	8.28191
206	404	2.74879
206	426	3.38818
206	443	3.86716
206	458	4.53034
206	474	5.01358
206	475	5.01985
207	254	0.183674
207	313	0.743786
207	324	1.33763
207	437	4.10558
207	444	4.41609
207	447	4.11968
207	453	4.51048
207	454	4.53066
207	455	4.51045
207	497	4.09814
208	239	0.205135
208	268	0.206283
208	373	1.517
208	415	2.15595
208	465	4.72582
208	477	4.51432
208	481	4.80531
208	487	5.10363
208	489	3.96331
208	490	5.22737
209	74	3.16228
209	356	1.16589
209	357	1.55301
209	387	2.55276
209	437	3.60505
209	444	3.91556
209	447	3.61915
209	453	4.00995
209	454	4.03013
209	455	4.00992
210	132	0.0422899
210	306	2.98915
210	325	0.855271
210	377	1.60808
210	390	2.1751
210	415	2.55065
210	477	4.90902
210	481	5.20002
210	487	5.49834
210	490	5.62207
211	173	0.670999
211	369	2.62937
211	388	3.1543
211	392	2.75275
211	397	3.16505
211	423	3.51934
211	430	3.94105
211	431	4.01726
211	445	4.61039
211	450	4.33679
212	22	0.180311
212	68	3.64829
212	181	2.07497
212	217	1.75232
212	271	2.15459
212	293	3.6641
212	359	3.4782
212	370	3.73697
212	411	4.95867
212	429	5.24423
212	435	5.59022
213	65	1.25725
213	139	1.93356
213	152	3.64829
213	250	2.51012
213	327	2.73319
213	348	3.37158
213	352	3.36673
213	388	4.42198
213	392	4.02043
213	397	4.43273
213	423	4.78702
214	311	3.87033
214	319	0.452314
214	361	1.37411
214	390	1.89772
214	396	1.80258
214	398	2.345
214	465	4.84314
214	477	4.63164
214	481	4.92264
214	487	5.22096
214	490	5.3447
215	416	0.503033
215	436	1.82381
215	437	5.13092
215	456	2.74826
215	461	3.02613
215	467	3.29015
215	482	3.95475
215	483	4.04857
215	485	4.45229
215	486	4.41441
215	492	4.57371
216	16	2.37729
216	41	0.686192
216	120	1.27131
216	293	3.24454
216	307	2.4965
216	328	2.75274
216	411	4.53911
216	428	4.75961
216	435	5.17066
216	448	5.53662
216	460	4.25159
217	90	0.844291
217	212	1.75232
217	288	2.10783
217	307	2.1373
217	370	2.9582
217	411	4.17991
217	428	4.4004
217	429	4.46547
217	435	4.81146
217	448	5.17742
217	460	4.25159
218	44	2.53017
218	45	2.50513
218	78	2.57185
218	201	2.9257
218	224	3.06005
218	236	3.19998
218	249	3.48149
218	283	3.67243
218	335	4.33425
218	376	4.55353
218	415	5.71998
219	18	0.2012
219	407	0.29821
219	432	1.38167
219	446	2.13257
219	469	3.5726
219	475	5.36064
219	488	4.79006
219	489	4.67829
219	497	5.104
219	499	5.23332
219	500	5.44348
220	1	0.234326
220	170	0.796034
220	204	1.74557
220	375	3.34187
220	380	3.65574
220	406	4.08862
220	408	2.30638
220	410	3.82532
220	439	4.83685
220	449	5.17925
220	451	5.13101
221	3	0.813361
221	9	1.165
221	230	1.68646
221	232	1.847
221	376	4.38396
221	382	3.68384
221	397	4.04221
221	423	4.39651
221	430	4.81822
221	431	4.89442
221	445	5.48755
222	89	0.129587
222	252	0.233139
222	324	1.87863
222	356	2.20742
222	387	3.59429
222	444	4.95708
222	447	4.66068
222	453	5.05148
222	454	5.07166
222	455	5.05145
222	486	4.43621
223	4	0.922682
223	92	1.15942
223	315	2.19037
223	344	3.19762
223	363	2.93491
223	395	3.69394
223	399	3.87358
223	400	3.47016
223	422	4.10745
223	433	4.71374
223	473	5.76834
224	45	2.12933
224	95	2.82125
224	167	2.9275
224	173	3.64829
224	218	3.06005
224	236	2.82418
224	283	3.29663
224	308	3.27698
224	335	3.95846
224	344	4.36247
224	376	4.17773
225	267	0.195133
225	282	0.176779
225	345	0.44957
225	405	2.40866
225	437	5.13092
225	441	4.37528
225	442	4.46347
225	457	5.10196
225	462	5.07964
225	463	5.11882
225	468	5.47329
226	161	0.936264
226	301	0.489629
226	319	0.638751
226	396	1.98902
226	399	4.06339
226	420	2.88599
226	465	5.02958
226	477	4.81808
226	481	5.10908
226	487	5.40739
226	490	5.53113
227	70	0.178106
227	206	0.642654
227	332	2.01276
227	349	2.06122
227	360	3.23492
227	394	3.33077
227	443	4.60297
227	458	5.26614
227	474	5.74938
227	475	5.75566
227	479	4.20461
228	299	0.29989
228	346	0.0511403
228	424	0.791087
228	478	3.90808
228	479	3.6267
228	480	3.82516
228	489	4.42356
228	495	4.80102
228	497	4.84927
228	499	4.9786
228	500	5.18876
229	70	0.29215
229	155	1.01172
229	196	3.64829
229	198	1.34142
229	306	1.98287
229	372	2.86712
229	412	3.50896
229	443	4.71701
229	458	5.38019
229	474	5.86343
229	475	5.8697
230	65	0.512023
230	149	3.64829
230	221	1.68646
230	250	1.7649
230	382	3.32912
230	388	3.67675
230	397	3.6875
230	423	4.04179
230	430	4.4635
230	431	4.53971
230	445	5.13284
231	262	1.42944
231	333	0.543852
231	340	1.3259
231	367	3.90836
231	389	2.09894
231	421	3.08623
231	440	4.0804
231	452	4.50208
231	471	5.24166
231	472	5.24166
231	478	5.28441
232	183	1.97031
232	221	1.847
232	250	1.92544
232	348	2.78689
232	352	2.78204
232	382	3.48967
232	388	3.83729
232	422	5.87268
232	423	4.20233
232	431	4.70025
232	445	5.29338
233	371	0.135101
233	461	4.76145
233	464	2.56455
233	466	2.61668
233	470	3.04619
233	484	3.66901
233	491	3.95749
233	493	4.13543
233	494	4.14872
233	496	4.21863
233	498	4.35158
234	336	0.621859
234	337	0.856805
234	350	1.0149
234	419	3.05158
234	421	3.06173
234	440	4.0559
234	452	4.47758
234	464	4.13983
234	471	5.21716
234	472	5.21716
234	478	5.25991
235	168	0.859639
235	291	1.38549
235	363	2.78167
235	367	2.75758
235	395	3.54069
235	400	3.31692
235	402	3.58575
235	414	4.68774
235	422	3.95421
235	459	5.03753
235	473	5.6151
236	30	1.63363
236	122	2.33874
236	218	3.19998
236	224	2.82418
236	248	3.25704
236	249	3.24562
236	308	3.41692
236	335	4.09839
236	344	4.50241
236	376	4.31767
236	477	5.58942
237	69	0.0803043
237	81	0.0638599
237	252	0.334597
237	356	2.30888
237	437	4.74803
237	444	5.05854
237	447	4.76213
237	453	5.15294
237	454	5.17312
237	455	5.15291
237	500	3.8938
238	5	0.0592045
238	267	0.0722074
238	346	4.19741
238	405	1.99241
238	434	3.60829
238	441	3.95903
238	442	4.04722
238	457	4.68571
238	462	4.66339
238	463	4.70257
238	468	5.05704
239	208	0.205135
239	264	3.72189
239	325	1.36226
239	355	1.69593
239	361	2.15848
239	377	2.11507
239	379	2.04039
239	477	5.41601
239	481	5.70701
239	487	6.00532
239	490	6.12906
240	26	2.68318
240	55	2.43193
240	66	3.64829
240	74	2.85339
240	82	2.45339
240	160	3.26836
240	194	3.47593
240	273	3.2652
240	320	4.11593
240	326	3.80609
240	362	4.48117
241	47	0.928643
241	317	1.64722
241	361	2.26659
241	373	2.52681
241	378	2.13621
241	390	2.7902
241	415	3.16575
241	430	3.01037
241	465	5.73562
241	477	5.52412
241	487	6.11343
242	342	1.81023
242	407	0.058161
242	446	1.28577
242	479	3.03463
242	480	3.23309
242	488	3.94326
242	489	3.83149
242	495	4.20895
242	497	4.2572
242	499	4.38653
242	500	4.59669
243	103	0.327809
243	159	0.150417
243	285	0.38498
243	387	3.44268
243	391	4.94628
243	437	4.49496
243	444	4.80547
243	447	4.50906
243	453	4.89987
243	454	4.92005
243	455	4.89984
244	310	2.11951
244	321	2.01564
244	363	2.46963
244	367	2.44555
244	395	3.22866
244	400	3.00488
244	402	3.27371
244	433	4.24846
244	459	4.72549
244	462	4.33529
244	473	5.30306
245	335	3.67414
245	366	0.125156
245	416	1.12903
245	436	2.44981
245	450	2.81587
245	456	3.37425
245	461	3.65213
245	476	4.37398
245	483	4.67456
245	486	5.0404
245	492	5.19971
246	7	0.291604
246	123	1.38746
246	136	4.15692
246	204	2.20418
246	287	2.35103
246	312	3.31756
246	375	3.80048
246	380	4.11435
246	410	4.28393
246	417	4.72839
246	439	5.29546
246	449	5.63786
247	37	1.21924
247	125	1.00417
247	257	1.6886
247	339	2.7592
247	371	3.67868
247	375	3.35164
247	406	4.09839
247	410	3.83509
247	417	4.27955
247	439	4.84662
247	449	5.18902
247	451	5.14078
248	43	2.29919
248	78	2.62891
248	95	3.25411
248	167	3.36036
248	197	3.37964
248	201	2.98276
248	236	3.25704
248	249	3.53854
248	308	3.70984
248	335	4.39131
248	376	4.61059
248	490	4.65397
249	30	1.91513
249	43	2.28777
249	167	3.34894
249	197	3.36822
249	199	3.14508
249	218	3.48149
249	236	3.24562
249	248	3.53854
249	308	3.69842
249	344	4.78391
249	376	4.59917
249	470	4.83134
250	141	1.67064
250	213	2.51012
250	230	1.7649
250	232	1.92544
250	320	2.31833
250	348	3.0595
250	369	3.58497
250	382	3.76228
250	397	4.12065
250	423	4.47494
250	431	4.97286
250	445	5.56599
251	71	0.613866
251	133	1.75242
251	306	2.1235
251	349	2.31589
251	365	3.00447
251	381	3.24206
251	385	3.17531
251	412	3.64959
251	451	3.89052
251	458	5.52081
251	474	6.00405
251	475	6.01033
252	83	1.85983
252	132	2.29709
252	222	0.233139
252	237	0.334597
252	356	2.533
252	357	2.92012
252	437	4.97215
252	444	5.28266
252	447	4.98625
252	453	5.37706
252	454	5.39724
252	455	5.37703
253	41	4.15692
253	260	0.20664
253	343	0.000956456
253	403	1.52505
253	413	1.61575
253	438	2.85144
253	466	4.1767
253	470	4.60621
253	484	5.22903
253	491	5.51751
253	496	5.77865
253	498	5.91161
254	4	4.15692
254	207	0.183674
254	313	1.1283
254	324	1.72215
254	357	2.43806
254	387	3.43781
254	437	4.49009
254	444	4.8006
254	447	4.50419
254	453	4.895
254	454	4.91518
254	455	4.89497
255	106	4.15692
255	403	0.279428
255	438	1.60582
255	464	2.87894
255	466	2.93107
255	470	3.36058
255	484	3.9834
255	491	4.27189
255	493	4.44982
255	494	4.46311
255	496	4.53303
255	498	4.66598
256	151	0.0525895
256	316	0.0426891
256	345	0.542111
256	405	2.5012
256	434	4.11708
256	441	4.46782
256	442	4.55601
256	457	5.1945
256	462	5.17218
256	463	5.21136
256	468	5.56584
256	474	4.50118
257	75	4.15692
257	170	0.954143
257	247	1.6886
257	269	2.6036
257	287	2.05053
257	312	3.01705
257	380	3.81385
257	406	4.24673
257	410	3.98343
257	417	4.42789
257	449	5.33736
257	451	5.28912
258	300	0.15977
258	414	0.438458
258	457	3.75718
258	464	3.0217
258	466	3.07383
258	470	3.50334
258	484	4.12616
258	491	4.41465
258	493	4.59258
258	494	4.60587
258	496	4.67579
258	498	4.80874
259	130	4.15692
259	141	1.38817
259	166	1.48615
259	348	2.77703
259	352	2.77218
259	369	3.3025
259	382	3.47981
259	392	3.42588
259	423	4.19247
259	430	4.61418
259	431	4.69039
259	445	5.28352
260	253	0.20664
260	319	2.13888
260	363	3.9627
260	464	3.0653
260	466	3.11743
260	470	3.54694
260	484	4.16976
260	491	4.45824
260	493	4.63618
260	494	4.64947
260	496	4.71938
260	498	4.85234
261	130	0.682772
261	137	0.665435
261	312	2.73413
261	375	3.21706
261	380	3.53093
261	406	3.96381
261	410	3.70051
261	417	4.14497
261	439	4.71204
261	449	5.05444
261	451	5.0062
261	465	4.91048
262	19	0.238002
262	114	0.432189
262	119	4.15692
262	231	1.42944
262	330	2.38768
262	336	2.39298
262	342	2.67867
262	374	3.43362
262	419	4.8227
262	440	5.82701
262	460	6.73898
262	478	7.03103
263	310	1.23933
263	366	0.330476
263	409	0.673878
263	436	2.58665
263	467	4.05299
263	476	4.51082
263	482	4.71758
263	483	4.81141
263	485	5.21513
263	486	5.17725
263	492	5.33655
263	497	5.10941
264	71	0.467366
264	206	0.750825
264	239	3.72189
264	381	3.09556
264	383	3.55646
264	412	3.50309
264	426	4.23216
264	443	4.71114
264	458	5.37431
264	474	5.85756
264	475	5.86383
264	493	0.359981
265	34	0.860556
265	116	1.06843
265	193	1.45882
265	310	2.78435
265	395	3.8935
265	399	4.07314
265	400	3.66972
265	402	3.93855
265	422	4.30701
265	449	4.10034
265	459	5.39033
265	473	5.9679
266	96	0.19105
266	186	2.07517
266	352	2.68475
266	382	3.39237
266	388	3.74
266	392	3.33844
266	397	3.75074
266	415	6.03757
266	423	4.10504
266	430	4.52675
266	431	4.60295
266	445	5.19608
267	56	0.093296
267	225	0.195133
267	238	0.0722074
267	316	0.159515
267	405	3.25991
267	421	3.84302
267	434	4.8758
267	441	5.22653
267	442	5.31473
267	462	5.93089
267	463	5.97008
267	468	6.32455
268	150	4.15692
268	208	0.206283
268	319	0.904116
268	331	0.854211
268	390	2.34953
268	415	2.72508
268	420	3.15136
268	465	5.29495
268	477	5.08345
268	481	5.37444
268	487	5.67276
268	490	5.7965
269	13	1.3428
269	78	2.23662
269	125	1.91917
269	165	1.76536
269	257	2.6036
269	288	1.94972
269	364	3.92226
269	375	4.26664
269	380	4.58051
269	417	5.19455
269	439	5.76162
269	451	6.05578
270	393	0.264781
270	419	0.225715
270	432	1.16034
270	465	5.26952
270	469	3.35127
270	479	3.6601
270	488	4.56873
270	489	4.45696
270	495	4.83442
270	497	4.88267
270	499	5.01199
270	500	5.22215
271	113	4.15692
271	150	0.923848
271	172	1.58073
271	212	2.15459
271	293	3.2876
271	307	2.53956
271	359	3.1017
271	370	3.36047
271	428	4.80267
271	429	4.86773
271	435	5.21372
271	448	5.57968
272	59	0.249895
272	393	0.190456
272	418	0.739116
272	446	2.16054
272	469	3.60057
272	473	5.47057
272	488	4.81803
272	489	4.70626
272	495	5.08372
272	497	5.13197
272	499	5.26129
272	500	5.47146
273	96	2.65791
273	101	2.69063
273	160	3.35873
273	179	2.71056
273	192	3.21158
273	194	3.56629
273	195	3.2771
273	240	3.2652
273	320	4.20629
273	326	3.89646
273	362	4.57154
273	483	5.63586
274	191	0.0547888
274	277	0.12577
274	316	0.0073385
274	345	0.842958
274	434	4.41793
274	441	4.76867
274	442	4.85686
274	457	5.49535
274	462	5.47303
274	463	5.51221
274	468	5.86668
274	495	3.92564
275	3	1.10509
275	117	1.94893
275	166	1.98191
275	300	3.95832
275	327	2.6344
275	348	3.27279
275	369	3.79826
275	382	3.97557
275	388	4.32319
275	392	3.92164
275	397	4.33394
275	430	5.10994
275	445	5.77928
276	182	4.68722
276	318	0.0171048
276	403	1.05875
276	413	1.14945
276	414	1.07502
276	466	3.7104
276	470	4.13991
276	484	4.76273
276	491	5.05121
276	493	5.22915
276	494	5.24244
276	496	5.31235
276	498	5.44531
277	5	0.13054
277	274	0.12577
277	316	0.216361
277	345	1.03047
277	405	2.98956
277	434	4.60545
277	441	4.95618
277	442	5.04437
277	457	5.68286
277	462	5.66054
277	463	5.69973
277	468	6.0542
277	492	6.18044
278	44	4.68722
278	189	0.508088
278	360	3.19969
278	365	2.71456
278	372	2.71785
278	383	3.41306
278	385	2.88541
278	394	3.29554
278	412	3.35969
278	426	4.08875
278	443	4.56774
278	474	5.71415
278	475	5.72043
279	171	4.68722
279	425	1.51563
279	436	2.042
279	450	2.40806
279	456	2.96644
279	461	3.24431
279	467	3.50833
279	476	3.96617
279	482	4.17293
279	483	4.26675
279	485	4.67048
279	486	4.63259
279	492	4.7919
280	296	0.189307
280	318	0.202429
280	414	1.13032
280	437	6.16985
280	438	2.44043
280	464	3.71356
280	466	3.76569
280	470	4.1952
280	491	5.1065
280	493	5.28444
280	494	5.29773
280	496	5.36764
280	498	5.5006
281	308	5.23832
281	353	0.362463
281	401	0.384802
281	429	1.08313
281	432	1.7159
281	469	3.90683
281	479	4.21566
281	480	4.41412
281	489	5.01252
281	495	5.38998
281	497	5.43823
281	499	5.56755
281	500	5.77771
282	56	0.130074
282	151	0.1365
282	225	0.176779
282	345	1.03391
282	385	5.88973
282	405	2.993
282	434	4.60888
282	441	4.95962
282	442	5.04781
282	457	5.6863
282	462	5.66398
282	463	5.70316
